sample	chr	startpos	endpos	nMajor	nMinor
S1	1	1695590	31067347	1	0
S1	1	31101268	39640990	3	1
S1	1	39831894	46296225	2	1
S1	1	46437972	152793135	1	1
S1	1	152925822	158845478	1	0
S1	1	159098127	181350281	1	1
S1	1	181421492	195050741	1	0
S1	1	195270415	205186351	3	1
S1	1	205605538	244820741	1	0
S1	2	385195	10948422	2	1
S1	2	11203750	117227932	1	1
S1	2	117874062	134194705	2	1
S1	2	134665714	198417700	1	0
S1	2	198738638	242780855	1	1
S1	3	454266	199235521	1	1
S1	4	414252	29632230	1	0
S1	4	30123890	143811470	1	1
S1	4	144488061	191263213	2	1
S1	5	221026	180687718	1	1
S1	6	589264	31752252	2	1
S1	6	31762694	57040782	1	1
S1	6	57229477	129471604	1	0
S1	6	129635734	170846968	2	0
S1	7	762569	57462001	1	1
S1	7	62349902	111040185	1	0
S1	7	111554044	121121994	2	0
S1	7	121380128	158366850	1	0
S1	8	454511	33967573	1	0
S1	8	34467642	74761666	1	1
S1	8	75304893	146131735	2	1
S1	9	366796	131507784	1	1
S1	9	131645292	138220001	1	0
S1	10	441623	63117842	1	1
S1	10	63639487	84738528	2	1
S1	10	85124159	118459696	1	1
S1	10	118958665	135322142	1	0
S1	11	277365	3695118	1	0
S1	11	3711569	65470244	1	1
S1	11	65552977	71600716	2	1
S1	11	72009946	134111350	1	0
S1	12	454504	132332384	1	1
S1	13	19081795	93979315	1	0
S1	13	94122026	114104177	2	0
S1	14	19754864	62825811	1	1
S1	14	63178561	106411893	1	0
S1	15	20586064	56307434	1	0
S1	15	56675406	100051875	1	1
S1	16	121689	79347432	1	1
S1	16	79690593	88687508	1	0
S1	17	460780	12846824	1	0
S1	17	12938793	54198839	1	1
S1	17	54405503	78515017	2	1
S1	18	358577	30708836	1	1
S1	18	31024314	74245349	1	0
S1	18	74602760	76039506	1	1
S1	19	368413	20032137	1	0
S1	19	21017717	38272649	1	1
S1	19	38307312	63799279	2	1
S1	20	164735	3084020	1	0
S1	20	3256727	37711690	1	1
S1	20	38246805	62377237	2	1
S1	21	14520619	46901389	1	1
S1	22	15702881	49348881	1	0
S1	X	3012949	153857056	1	1
