sample	chr	startpos	endpos	nMajor	nMinor	nAraw	nBraw
S100	1	1695590	61095873	2	2	2.05902785237934	2.05902785237934
S100	1	61446842	97968298	4	2	4.19632489200958	2.06144576414757
S100	1	98439350	120138178	2	2	2.02557345605952	2.02557345605952
S100	1	143133910	175848943	4	2	4.13235226222153	1.97831215293001
S100	1	176184747	205186351	2	2	2.05902899930476	2.05902899930476
S100	1	205605538	221217626	2	0	1.98645553830969	0.0256786776195707
S100	1	221540805	228254379	3	1	3.28293834330873	0.881018461414695
S100	1	228576929	244820741	2	0	1.98127915594989	0
S100	2	385195	58020024	4	0	4.1952527669811	0.0137394782108651
S100	2	58373026	70056515	4	2	3.9495537252816	1.97326398111719
S100	2	70194424	89085270	2	2	2.10709566022417	2.10709566022417
S100	2	95309606	120680244	2	2	1.95903609926984	1.95903609926984
S100	2	121069288	176803399	2	0	1.90001748111471	0.197054822553563
S100	2	176938699	242780855	2	0	1.99650388166504	0
S100	3	454266	83819153	2	0	2.03440784334273	0
S100	3	84440665	90173040	2	2	2.13553936469937	2.13553936469937
S100	3	95530694	137782427	2	2	2.01381365473398	2.01381365473398
S100	3	138001679	159984353	4	2	4.31864285340678	2.07629241723196
S100	3	160069120	175602903	6	2	6.2480092493048	2.11848076632947
S100	3	176143721	188107580	4	2	4.04026910016212	2.0115991752075
S100	3	188345135	199235521	2	0	2.02738082556831	0.0345588521008324
S100	4	414252	16479695	2	0	2.18338059313207	0.0388073331093383
S100	4	16969355	191263213	2	0	1.68785985718987	0
S100	5	221026	46407460	4	2	4.05137639347029	1.93405334155011
S100	5	49634064	88857596	2	0	1.70561659502727	0
S100	5	89688647	180687718	4	0	4.09053359568834	0
S100	6	589264	154911464	2	2	1.965281007094	1.965281007094
S100	6	155226013	170846968	2	0	2.04839050176435	0.0311680401107794
S100	7	762569	98285100	2	2	1.94339572070593	1.94339572070593
S100	7	98690514	132406049	4	2	3.93443635671699	2.04089207009166
S100	7	132877177	158366850	4	4	4.05799715997007	4.05799715997007
S100	8	454511	24419799	2	0	1.95785227099062	0
S100	8	24773940	57195292	2	2	2.0432076796496	2.0432076796496
S100	8	57578111	99551922	2	0	1.76459170935172	0
S100	8	100117497	110480305	4	0	4.09090249193357	0.0041855245792009
S100	8	110555398	118418177	5	1	5.07938777603582	0.85473739508881
S100	8	118704425	133817028	4	0	4.22670745097531	0.00226196554530779
S100	8	133921785	146131735	6	0	6.10392982774607	0.0874283292985009
S100	9	366796	19101541	4	3	4.09710974838554	2.87049444763469
S100	9	19333490	38780565	2	0	2.44546878059324	0.00684912022009248
S100	9	68635876	71616663	2	2	2.06298754431078	2.06298754431078
S100	9	72025585	128156281	2	0	2.00524200537639	0
S100	9	128334081	138220001	4	0	4.18876385596936	0.100950034636309
S100	10	441623	20251144	3	2	3.021793905376	1.88605762323205
S100	10	20685548	37456556	5	2	4.50605167617282	1.93280578486841
S100	10	38383512	67893232	2	2	2.06047670078623	2.06047670078623
S100	10	68451044	72349240	2	0	1.67046638073808	0
S100	10	72654771	97473505	4	0	4.12515785579793	0
S100	10	97630831	120980363	2	0	1.957604125029	0
S100	10	120994482	126722901	3	1	3.09333449654899	1.0517277810135
S100	10	126891906	135322142	2	0	2.11230387909994	0.0687981389654861
S100	11	277365	2030100	2	0	2.39664271746542	0.0624913779829963
S100	11	2169823	74694114	2	2	2.06406237561913	2.06406237561913
S100	11	74818475	83994958	3	2	2.86621962493802	1.88023576784404
S100	11	84984655	97983436	2	2	2.02744823760387	2.02744823760387
S100	11	98381859	134111350	2	0	2.0796240779259	0.000358733314268842
S100	12	454504	2456273	5	3	5.48793678195173	3.25647047880997
S100	12	2548141	25380461	6	2	5.86983562833835	2.0539160577795
S100	12	25971441	93910158	2	2	1.90193318839791	1.90193318839791
S100	12	94210096	132332384	2	0	1.93045831800237	0
S100	13	19081795	47864016	4	0	3.97208752076702	0
S100	13	48028157	51648100	2	0	1.68771244146921	0
S100	13	51991126	74648082	4	0	3.78772177117687	0
S100	13	74897107	114104177	6	0	6.09360159086356	0
S100	14	19754864	92832394	2	2	1.97762181909941	1.97762181909941
S100	14	93251411	106411893	2	0	1.99785101350317	0.0126574999843545
S100	15	20586064	29938417	2	2	1.96142899252499	1.96142899252499
S100	15	30348156	75186708	2	0	1.9179539009009	0
S100	15	75789664	81962209	3	2	2.66509871483448	1.8084570517825
S100	15	82257221	100051875	4	2	4.35974230795464	2.18538068295506
S100	16	121689	4735871	2	0	2.22745709314044	0.0391563346935587
S100	16	4748716	35095133	2	2	2.01462086757796	2.01462086757796
S100	16	45432643	88687508	2	0	1.99222046896978	0.00371437074648655
S100	17	460780	41535248	2	0	2.15098725105742	0.00464340534837528
S100	17	41656179	78515017	4	0	4.01691014901592	0.0541785181017423
S100	18	358577	18818989	3	2	2.32585028164182	2.32585028164182
S100	18	19100096	57489214	2	0	1.97531936588016	0
S100	18	58099975	76039506	2	2	2.11167805098151	2.11167805098151
S100	19	368413	5940067	2	0	2.26868189063749	0.124737785211291
S100	19	6126503	24282001	2	2	2.08449861996022	2.08449861996022
S100	19	33214296	47208492	2	2	2.03445276004304	2.03445276004304
S100	19	47799156	57114851	2	0	2.15800632963395	0.130096901227547
S100	19	57116150	63799279	2	1	2.04530625721422	1.00596462481526
S100	20	164735	25062831	2	0	2.08716258656972	0.0336035271100923
S100	20	25259344	62377237	2	2	1.95006365892697	1.95006365892697
S100	21	14520619	24760868	2	0	1.56989431384357	0
S100	21	25300952	33917952	4	0	3.81047528560896	0.0308222239179104
S100	21	34153635	46901389	4	2	4.26778080012725	2.00321217845673
S100	22	15702881	31181021	2	2	2.00308232736049	2.00308232736049
S100	22	31429478	40072549	2	0	2.05524399314626	0.0265744307577079
S100	22	40141939	49348881	4	0	4.24281889977734	0.00871801843936588
S100	X	3012949	148154533	2	2	1.97661593315859	1.97661593315859
S100	X	149351427	153857056	4	2	3.82531174709507	2.34943830974796
