sample	chr	startpos	endpos	nMajor	nMinor
S11	1	1695590	244820741	1	1
S11	2	385195	242780855	1	1
S11	3	454266	199235521	1	1
S11	4	414252	191263213	1	1
S11	5	221026	46407460	2	1
S11	5	49634064	134083954	2	0
S11	5	134351396	180687718	2	1
S11	6	589264	11359660	1	1
S11	6	11987362	29944425	1	0
S11	6	29944717	36159440	1	1
S11	6	36355006	40769783	1	0
S11	6	41301779	109165725	1	1
S11	6	109329137	148831956	1	0
S11	6	148943908	170846968	1	1
S11	7	762569	158366850	1	1
S11	8	454511	35716089	1	0
S11	8	36221141	41163459	4	1
S11	8	41593263	146131735	5	1
S11	9	366796	138220001	1	1
S11	10	441623	135322142	1	1
S11	11	277365	7699540	1	0
S11	11	7720642	134111350	1	1
S11	12	454504	53259712	1	1
S11	12	53390184	132332384	2	1
S11	13	19081795	114104177	1	0
S11	14	19754864	106411893	1	1
S11	15	20586064	100051875	1	1
S11	16	121689	1857575	2	0
S11	16	1924927	20318182	2	1
S11	16	20443839	88687508	1	1
S11	17	460780	25439411	2	0
S11	17	25681372	78515017	2	1
S11	18	358577	76039506	1	1
S11	19	368413	7181729	1	0
S11	19	7283447	63799279	1	1
S11	20	164735	45864295	2	1
S11	20	46422993	48617368	5	1
S11	20	48934531	60878355	7	2
S11	20	61012656	62377237	3	0
S11	21	14520619	29350853	2	0
S11	21	29446559	46901389	2	1
S11	22	15702881	49348881	1	0
S11	X	3012949	153857056	1	0
