sample	chr	startpos	endpos	nMajor	nMinor
S13	1	1695590	244820741	1	1
S13	2	385195	242780855	1	1
S13	3	454266	199235521	1	1
S13	4	414252	191263213	1	1
S13	5	221026	180687718	1	1
S13	6	589264	80210066	2	1
S13	6	80512056	170846968	1	0
S13	7	762569	158366850	1	1
S13	8	454511	31566585	1	0
S13	8	32332685	77894710	5	1
S13	8	78176864	127032446	6	1
S13	8	127655860	146131735	5	1
S13	9	366796	20945163	2	1
S13	9	21108711	138220001	1	1
S13	10	441623	135322142	1	1
S13	11	277365	57163796	1	1
S13	11	57370724	80594627	2	1
S13	11	80918177	134111350	1	0
S13	12	454504	117351978	1	1
S13	12	118066613	132332384	1	0
S13	13	19081795	114104177	1	1
S13	14	19754864	35637373	1	0
S13	14	35937023	106411893	1	1
S13	15	20586064	25605232	4	1
S13	15	26038530	43260355	1	0
S13	15	43282509	100051875	1	1
S13	16	121689	30805509	2	1
S13	16	31015391	88687508	1	0
S13	17	460780	18915796	1	0
S13	17	19244177	78515017	2	1
S13	18	358577	76039506	2	2
S13	19	368413	63799279	1	1
S13	20	164735	62377237	2	1
S13	21	14520619	46901389	1	1
S13	22	15702881	49348881	2	1
S13	X	3012949	153857056	1	1
