sample	chr	startpos	endpos	nMajor	nMinor	nAraw	nBraw
S14	1	1695590	120138178	1	1	0.977461247404847	0.977461247404847
S14	1	143133910	244820741	1	1	1.0145331170782	1.0145331170782
S14	2	385195	89085270	1	1	0.971679183874818	0.971679183874818
S14	2	95309606	242780855	1	1	0.984566077530589	0.984566077530589
S14	3	454266	90173040	1	1	0.958104700410746	0.958104700410746
S14	3	95530694	199235521	1	1	0.948653302722501	0.948653302722501
S14	4	414252	191263213	1	1	0.982847668602161	0.982847668602161
S14	5	221026	31430482	1	1	1.36999485190407	0.930776060628093
S14	5	31553152	180687718	1	1	0.962916597789919	0.962916597789919
S14	6	589264	98609265	1	1	0.995250491974634	0.995250491974634
S14	6	98997475	116905346	2	1	1.81645355260082	1.07687035601823
S14	6	117196271	129635734	1	1	1.11131657957743	1.11131657957743
S14	6	129789611	135305814	2	1	1.71760377605567	1.23704794952187
S14	6	135637033	170846968	1	1	0.976601484377619	0.976601484377619
S14	7	762569	158366850	1	1	0.9981352902116	0.9981352902116
S14	8	454511	51890796	1	1	0.915074672496222	0.915074672496222
S14	8	52245875	146131735	1	1	1.02486001023034	1.02486001023034
S14	9	366796	38780565	1	1	0.991397232684636	0.991397232684636
S14	9	68635876	138220001	1	1	0.978370670572255	0.978370670572255
S14	10	441623	135322142	1	1	0.965483051309503	0.965483051309503
S14	11	277365	134111350	1	1	0.927824054777931	0.927824054777931
S14	12	454504	132332384	1	1	0.961573096043781	0.961573096043781
S14	13	19081795	114104177	1	1	0.964718757178695	0.964718757178695
S14	14	19754864	106411893	1	1	0.949899586881142	0.949899586881142
S14	15	20586064	100051875	1	1	0.960931359260434	0.960931359260434
S14	16	121689	35095133	1	1	0.949213560345882	0.949213560345882
S14	16	45432643	88687508	1	1	0.973326876482089	0.973326876482089
S14	17	460780	78515017	1	1	0.95522352479706	0.95522352479706
S14	18	358577	76039506	1	1	0.941534097743581	0.941534097743581
S14	19	368413	24282001	1	1	0.970098293778305	0.970098293778305
S14	19	33214296	63799279	1	1	1.00049184458325	1.00049184458325
S14	20	164735	4284791	1	1	0.878607966509001	0.878607966509001
S14	20	4747786	5367826	2	1	2.28795799607104	1.25865899132098
S14	20	5637625	8794579	1	1	0.906721256056694	0.906721256056694
S14	20	8841749	20094554	2	1	1.71745478596783	1.04089287743099
S14	20	20159088	62377237	1	1	0.973776657365408	0.973776657365408
S14	21	14520619	46901389	1	1	0.948883648887968	0.948883648887968
S14	22	15702881	49348881	1	1	0.95902384312897	0.95902384312897
S14	X	3012949	153857056	1	1	0.91492928334014	0.91492928334014
