sample	chr	startpos	endpos	nMajor	nMinor
S15	1	1695590	120138178	1	1
S15	1	143133910	244820741	3	1
S15	2	385195	242780855	1	1
S15	3	454266	199235521	2	1
S15	4	414252	191263213	1	1
S15	5	221026	180687718	1	1
S15	6	589264	170846968	1	1
S15	7	762569	110231920	2	1
S15	7	111040185	158366850	1	1
S15	8	454511	82944648	1	1
S15	8	83517212	127655860	2	1
S15	8	128188995	146131735	1	1
S15	9	366796	138220001	2	1
S15	10	441623	135322142	1	1
S15	11	277365	134111350	1	1
S15	12	454504	132332384	1	1
S15	13	19081795	114104177	1	1
S15	14	19754864	106411893	1	1
S15	15	20586064	100051875	1	1
S15	16	121689	35095133	2	1
S15	16	45432643	88687508	1	0
S15	17	460780	54198839	1	0
S15	17	54405503	59943904	3	1
S15	17	60450329	78515017	1	1
S15	18	358577	76039506	1	0
S15	19	368413	63799279	1	1
S15	20	164735	62377237	1	1
S15	21	14520619	46901389	1	1
S15	22	15702881	49348881	1	0
S15	X	3012949	153857056	1	1
