sample	chr	startpos	endpos	nMajor	nMinor	nAraw	nBraw
S19	1	1695590	7775929	2	1	1.79483836824598	0.95387156108636
S19	1	7898621	15542400	1	0	1.12246730569433	0
S19	1	15654698	35738274	2	0	2.17003997587449	0.00624575003187099
S19	1	36029549	51778369	2	2	2.05909794372781	2.05909794372781
S19	1	52045366	86701683	2	1	2.19527097918842	0.958638469607401
S19	1	87059475	120138178	2	2	2.10871117529885	2.10871117529885
S19	1	143133910	182110864	2	1	2.12300219555128	0.990541744205221
S19	1	182693575	206278726	2	2	2.06081251950493	2.06081251950493
S19	1	206373894	217204538	2	1	2.12847695487395	1.08156309839729
S19	1	217444208	244820741	3	2	2.41985038358145	2.41985038358145
S19	2	385195	30936480	1	1	1.05662634756347	1.05662634756347
S19	2	31159113	67419068	2	1	2.10532211411989	0.910601649143166
S19	2	67923738	89085270	2	0	2.08163344699601	0.0642154013600191
S19	2	95309606	201080149	2	1	2.09788977995187	0.964908512079334
S19	2	201202966	222250889	3	1	3.19801724370027	1.01987927021023
S19	2	222691703	231927389	3	0	2.83593050959264	0
S19	2	232073039	242780855	2	0	1.91530762314906	0.0081140924911561
S19	3	454266	52833762	2	0	2.06036373214048	0
S19	3	52874711	90173040	2	1	2.10063093832091	0.935452850024149
S19	3	95530694	199235521	2	1	2.09866688689841	0.971376466477442
S19	4	414252	52730175	2	0	1.86954819975042	0.0122450658231267
S19	4	52812187	105754608	2	2	1.98211193554907	1.98211193554907
S19	4	105923792	127692206	3	2	2.53560144715823	2.53560144715823
S19	4	128497257	140612562	2	1	2.08861121206622	0.998560628914867
S19	4	140890238	191263213	1	0	0.84177910725302	0
S19	5	221026	49634064	2	1	2.05114586941755	1.00682517116219
S19	5	50175874	55483704	2	0	1.68305171082161	0
S19	5	55942168	118938677	1	0	0.887171127275936	0
S19	5	119000491	153851324	2	0	2.0830596488756	0.0425937749371229
S19	5	154288847	180687718	1	0	0.978027238660011	0.001836203867027
S19	6	589264	90655504	2	1	1.94179398143582	1.00652883138474
S19	6	90812795	112968863	1	0	0.908075915109394	0
S19	6	113553206	124711974	1	1	1.22113168438941	0.692688643924416
S19	6	125395184	138545858	5	1	4.80907185748416	1.4546087779014
S19	6	138656533	168352347	1	1	1.18026592463118	1.18026592463118
S19	6	168540023	170846968	3	1	3.25430239149489	0.831385499659202
S19	7	762569	10334640	4	1	4.14903702584484	0.981371938078347
S19	7	10855052	45763231	4	2	3.94715051016283	1.97480393138531
S19	7	46371054	94994203	2	2	2.03911623762116	2.03911623762116
S19	7	95223269	143784416	3	2	3.05124899297396	1.91548078687636
S19	7	144094628	158366850	3	0	2.93308135834799	0.0979898622076075
S19	8	454511	12995781	1	0	0.91456807024497	0
S19	8	13104467	35716089	2	0	2.0740916733064	0.0316354445160416
S19	8	36221141	49421814	2	1	2.30913317698701	1.38565862874414
S19	8	50006987	93726347	1	1	1.00891719648171	1.00891719648171
S19	8	94116609	115348401	2	1	2.15642418936179	1.03096232272067
S19	8	116062210	146131735	2	2	2.00461506675265	2.00461506675265
S19	9	366796	16457087	4	0	4.20157512900404	0
S19	9	16608680	38780565	3	0	3.06998871858151	0.00494599608416005
S19	9	68635876	95689767	2	1	1.95932719904788	0.892915688175183
S19	9	95933759	138220001	1	0	1.04257637266484	0.00525128664170124
S19	10	441623	64674320	2	2	1.96916476803951	1.96916476803951
S19	10	65173419	135322142	2	1	2.10601466910256	1.01929706784965
S19	11	277365	14574217	2	1	2.09973858692551	1.0966070991528
S19	11	14815050	33969972	2	2	2.05246655326897	2.05246655326897
S19	11	34123832	57370724	2	1	2.12674960638365	0.990936804269812
S19	11	57609110	62966080	2	0	1.81101105797929	0.383855735043805
S19	11	63182977	75201807	2	2	1.87653066597723	1.87653066597723
S19	11	75415926	78822940	2	1	2.1163822450595	1.00695527924239
S19	11	79046424	134111350	2	0	2.09124940830589	0.0141913495400039
S19	12	454504	18725776	2	2	2.08816018003509	2.08816018003509
S19	12	18825872	39653933	2	1	2.00059584330067	0.899224044268693
S19	12	39748895	54291187	1	0	1.10717796727265	0.0177777629151905
S19	12	54441653	59638836	2	0	1.90615954632932	0.0491889743982607
S19	12	60108539	66641689	3	1	2.58208926153945	0.701638713221347
S19	12	66915073	75910098	2	0	2.03171548878267	0
S19	12	76257491	132332384	3	0	3.2048857582691	0.00657453493220913
S19	13	19081795	35700755	2	1	2.01277461806868	1.09250913921534
S19	13	35937426	74897107	1	1	1.06546013086263	1.06546013086263
S19	13	75097337	114104177	1	0	0.921159214685927	0
S19	14	19754864	22113214	2	1	2.10445002696393	1.08094390703812
S19	14	22292007	106411893	2	0	2.02547245968331	0
S19	15	20586064	79462284	2	0	2.12359763383075	0.00215141619592805
S19	15	79872455	100051875	3	0	3.0086907961819	0
S19	16	121689	35095133	2	1	2.02967580957251	0.928168231424419
S19	16	45432643	73602698	2	0	2.10828688995037	0.0511135671257039
S19	16	74019439	88687508	4	0	3.98924274526844	0
S19	17	460780	60785517	2	0	2.16537858049598	0.0299292062927986
S19	17	61172218	78515017	4	0	3.92181254238901	0.0282271294490924
S19	18	358577	6969890	2	1	2.03347274749375	1.13176454090427
S19	18	7051856	27710582	2	2	2.06027862881546	2.06027862881546
S19	18	27984243	45483081	3	2	3.03447829955649	1.91647505278027
S19	18	45697319	76039506	2	2	2.02641787149666	2.02641787149666
S19	19	368413	4560168	2	0	1.96053471510591	0.0290655326032535
S19	19	4787214	19688934	2	1	1.94713505917331	1.0381074130271
S19	19	19741653	24282001	1	0	1.38097046486931	0
S19	19	33214296	63799279	2	0	2.06598578584687	0.0576764092946687
S19	20	164735	25501936	2	2	1.93625734688601	1.93625734688601
S19	20	29512622	31498923	7	2	7.13569582785938	1.82128031082928
S19	20	31522564	41165090	3	0	2.73638502358206	0
S19	20	41563938	56789819	2	0	2.21500849000905	0.15194956280877
S19	20	56848253	62377237	2	1	2.11781144366084	0.978813794254637
S19	21	14520619	46901389	2	2	1.98765937693684	1.98765937693684
S19	22	15702881	49348881	3	0	2.9162858969877	0.0225706599648559
S19	X	3012949	33418645	1	0	0.896940996693788	0
S19	X	34448721	46650194	1	1	0.947631496935873	0.947631496935873
S19	X	46823119	85717676	2	1	1.64642206846112	1.64642206846112
S19	X	85930990	119375276	2	1	2.02130328918471	0.872194043038337
S19	X	119656237	153857056	2	2	1.9552383977223	1.9552383977223
