sample	chr	startpos	endpos	nMajor	nMinor
S19	1	1695590	7775929	2	1
S19	1	7898621	15542400	1	0
S19	1	15654698	35738274	2	0
S19	1	36029549	51778369	2	2
S19	1	52045366	86701683	2	1
S19	1	87059475	120138178	2	2
S19	1	143133910	182110864	2	1
S19	1	182693575	206278726	2	2
S19	1	206373894	217204538	2	1
S19	1	217444208	244820741	3	2
S19	2	385195	30936480	1	1
S19	2	31159113	67419068	2	1
S19	2	67923738	89085270	2	0
S19	2	95309606	201080149	2	1
S19	2	201202966	222250889	3	1
S19	2	222691703	231927389	3	0
S19	2	232073039	242780855	2	0
S19	3	454266	52833762	2	0
S19	3	52874711	199235521	2	1
S19	4	414252	52730175	2	0
S19	4	52812187	105754608	2	2
S19	4	105923792	127692206	3	2
S19	4	128497257	140612562	2	1
S19	4	140890238	191263213	1	0
S19	5	221026	49634064	2	1
S19	5	50175874	55483704	2	0
S19	5	55942168	118938677	1	0
S19	5	119000491	153851324	2	0
S19	5	154288847	180687718	1	0
S19	6	589264	90655504	2	1
S19	6	90812795	112968863	1	0
S19	6	113553206	124711974	1	1
S19	6	125395184	138545858	5	1
S19	6	138656533	168352347	1	1
S19	6	168540023	170846968	3	1
S19	7	762569	10334640	4	1
S19	7	10855052	45763231	4	2
S19	7	46371054	94994203	2	2
S19	7	95223269	143784416	3	2
S19	7	144094628	158366850	3	0
S19	8	454511	12995781	1	0
S19	8	13104467	35716089	2	0
S19	8	36221141	49421814	2	1
S19	8	50006987	93726347	1	1
S19	8	94116609	115348401	2	1
S19	8	116062210	146131735	2	2
S19	9	366796	16457087	4	0
S19	9	16608680	38780565	3	0
S19	9	68635876	95689767	2	1
S19	9	95933759	138220001	1	0
S19	10	441623	64674320	2	2
S19	10	65173419	135322142	2	1
S19	11	277365	14574217	2	1
S19	11	14815050	33969972	2	2
S19	11	34123832	57370724	2	1
S19	11	57609110	62966080	2	0
S19	11	63182977	75201807	2	2
S19	11	75415926	78822940	2	1
S19	11	79046424	134111350	2	0
S19	12	454504	18725776	2	2
S19	12	18825872	39653933	2	1
S19	12	39748895	54291187	1	0
S19	12	54441653	59638836	2	0
S19	12	60108539	66641689	3	1
S19	12	66915073	75910098	2	0
S19	12	76257491	132332384	3	0
S19	13	19081795	35700755	2	1
S19	13	35937426	74897107	1	1
S19	13	75097337	114104177	1	0
S19	14	19754864	22113214	2	1
S19	14	22292007	106411893	2	0
S19	15	20586064	79462284	2	0
S19	15	79872455	100051875	3	0
S19	16	121689	35095133	2	1
S19	16	45432643	73602698	2	0
S19	16	74019439	88687508	4	0
S19	17	460780	60785517	2	0
S19	17	61172218	78515017	4	0
S19	18	358577	6969890	2	1
S19	18	7051856	27710582	2	2
S19	18	27984243	45483081	3	2
S19	18	45697319	76039506	2	2
S19	19	368413	4560168	2	0
S19	19	4787214	19688934	2	1
S19	19	19741653	24282001	1	0
S19	19	33214296	63799279	2	0
S19	20	164735	25501936	2	2
S19	20	29512622	31498923	7	2
S19	20	31522564	41165090	3	0
S19	20	41563938	56789819	2	0
S19	20	56848253	62377237	2	1
S19	21	14520619	46901389	2	2
S19	22	15702881	49348881	3	0
S19	X	3012949	33418645	1	0
S19	X	34448721	46650194	1	1
S19	X	46823119	119375276	2	1
S19	X	119656237	153857056	2	2
