sample	chr	startpos	endpos	nMajor	nMinor	nAraw	nBraw
S2	1	1695590	120138178	2	0	1.9987682920741	0.00653886477976149
S2	1	143133910	244820741	2	2	2.0244714497492	2.0244714497492
S2	2	385195	89085270	2	1	2.09675412037221	0.981966086610368
S2	2	95309606	106921487	2	1	1.95046864023353	0.878542318189519
S2	2	107480555	119782446	1	1	1.40836761628173	0.982344106933522
S2	2	119921219	242780855	1	1	0.975611730714967	0.975611730714967
S2	3	454266	90173040	2	1	2.06199548366738	0.97333197060845
S2	3	95530694	199235521	2	2	2.04143911088132	2.04143911088132
S2	4	414252	191263213	2	2	2.03980554016077	2.03980554016077
S2	5	221026	180687718	2	2	2.07556987859131	2.07556987859131
S2	6	589264	2678029	2	0	2.10858760542429	0.428673092282171
S2	6	2712136	53131806	3	1	2.98547216412126	1.00767943843311
S2	6	53473952	101330615	2	1	2.09370366844211	0.992047748627211
S2	6	101495839	124711974	3	1	3.25358158542011	1.01199570475599
S2	6	125395184	152338819	2	1	2.08022285160061	1.01194926862367
S2	6	152659652	170846968	3	1	3.03789241357429	0.937099454560328
S2	7	762569	52974278	2	2	1.9852050295609	1.9852050295609
S2	7	53550702	158366850	2	1	2.0226596875403	0.978088645494784
S2	8	454511	35716089	2	0	1.90173704549331	0.0212765016406259
S2	8	36221141	43532141	6	2	6.37560669652653	2.2705558369243
S2	8	47437428	58943180	2	2	2.00533894463746	2.00533894463746
S2	8	59570233	102840976	4	2	3.63225070495111	2.08483273732659
S2	8	103695612	118418177	3	1	3.39402561877336	0.910918595777347
S2	8	118704425	135994460	5	1	5.2844673944096	0.961857610728082
S2	8	137047313	146131735	3	1	3.31471706345209	0.88771235770838
S2	9	366796	35940807	3	2	2.99445777916144	1.99876571479267
S2	9	36197683	38780565	2	1	2.00464988828005	1.08940978952138
S2	9	68635876	138220001	1	1	0.93621452635723	0.93621452635723
S2	10	441623	5072598	1	1	1.03455526949648	1.03455526949648
S2	10	5210233	42351979	2	1	2.09533755853676	0.997433046322436
S2	10	42655249	59728379	1	1	1.48210452091779	0.959502023766371
S2	10	60069893	135322142	1	1	0.981011221511573	0.981011221511573
S2	11	277365	7242137	2	0	1.83645551004218	0.0161449258576551
S2	11	7509327	17378874	2	2	2.00753780870989	2.00753780870989
S2	11	17415447	35008600	3	1	2.93249340066802	1.46054475161297
S2	11	35292899	65688162	2	0	2.12338343156472	0.0584570675401659
S2	11	65884959	70410346	4	1	4.49866252777529	0.996854458902688
S2	11	70831678	134111350	2	0	2.02672648118289	0.0199235297337712
S2	12	454504	74417587	2	2	1.99414477254647	1.99414477254647
S2	12	74717669	90081567	2	2	2.41700056153731	1.68271834790191
S2	12	90657943	132332384	2	1	2.00683472757341	0.874556572159197
S2	13	19081795	114104177	1	0	0.849925039208999	0
S2	14	19754864	39288044	2	1	2.07978778325257	0.984967224048193
S2	14	39886102	106411893	2	0	1.95771998125656	0.0108206394291355
S2	15	20586064	28005207	1	1	0.8135173959479	0.8135173959479
S2	15	29081959	35921425	2	1	1.94150950598407	1.24413597492744
S2	15	36200281	57675534	1	1	0.9555356721925	0.9555356721925
S2	15	57869651	100051875	3	1	2.75342530814142	1.07978767336512
S2	16	121689	19924858	3	2	2.66250476791183	2.66250476791183
S2	16	20318182	35095133	3	2	2.7914507918433	1.71069883061725
S2	16	45432643	88687508	1	0	0.904322665284616	0
S2	17	460780	20995309	2	0	1.98953037068664	0.0203393666284108
S2	17	21189340	41535248	2	2	1.94391118187634	1.94391118187634
S2	17	41656179	78515017	3	2	2.8973965910787	1.87238528998633
S2	18	358577	23832866	3	1	2.50547910165239	1.38713124973903
S2	18	24354490	76039506	1	1	1.07689512275947	1.07689512275947
S2	19	368413	24282001	2	1	1.27918716049752	1.27918716049752
S2	19	33214296	43665424	2	2	1.8514337898007	1.8514337898007
S2	19	43870589	52747869	2	1	1.92257025997221	0.963612586512695
S2	19	53058625	63799279	2	2	1.86432941749119	1.86432941749119
S2	20	164735	25428207	1	1	0.95883017358336	0.95883017358336
S2	20	25501936	62377237	2	2	1.90961572463845	1.90961572463845
S2	21	14520619	46901389	1	1	0.922660285115482	0.922660285115482
S2	22	15702881	28853973	3	1	2.84984322689832	0.954467500346026
S2	22	29102425	49348881	3	0	2.99124394912771	0.012532587338297
S2	X	3012949	153857056	2	2	1.87615302486277	1.87615302486277
