sample	chr	startpos	endpos	nMajor	nMinor	nAraw	nBraw
S22	1	1695590	37077423	2	0	2.00690014485638	0.0071679085995136
S22	1	37180309	43745865	2	1	2.09770535578598	1.03576529727834
S22	1	44128145	55282671	3	1	2.90812553582089	0.872803157471543
S22	1	55648425	82101468	1	1	0.885659867878693	0.885659867878693
S22	1	82592676	89265462	3	1	2.74069658522321	1.00088970985267
S22	1	89337163	120138178	2	1	1.62381652905016	1.082519861012
S22	1	143133910	153334419	2	1	2.16500801121747	1.12147804767807
S22	1	153616166	242195907	1	1	1.20675339772115	1.20675339772115
S22	1	242316711	244820741	1	0	1.1227007506656	0.0598569238141202
S22	2	385195	53931056	2	0	1.69691850289454	0.477334525700302
S22	2	54019348	89085270	2	1	1.88597160602363	0.948966183058615
S22	2	95309606	144232337	2	0	1.77766618392453	0.00558689548634321
S22	2	144837232	221527774	2	1	1.94826972614388	0.896621066813311
S22	2	222013726	233125682	2	0	1.98626253656654	0.0607298683777175
S22	2	233346741	242780855	1	0	0.72823215219756	0
S22	3	454266	90173040	2	1	1.59929881783889	1.59929881783889
S22	3	95530694	124067765	2	2	1.78285834721365	1.78285834721365
S22	3	124116565	169102290	2	1	1.79181012302898	1.00174639133999
S22	3	170054556	199235521	2	1	2.29246681568329	1.22974054951121
S22	4	414252	4594057	2	0	1.68157180506307	0
S22	4	5348166	23601600	2	1	1.42434153941293	1.42434153941293
S22	4	23925661	42427808	1	0	0.883735172378732	0
S22	4	42509479	83519262	2	1	1.80589547219947	0.933624183676478
S22	4	83774292	103763356	2	2	1.76483138546648	1.76483138546648
S22	4	103933960	151261788	2	1	1.84149920128884	0.78101248466971
S22	4	151706731	191263213	2	0	1.94454620838179	0.422925382561122
S22	5	221026	14466357	2	1	1.54894756325092	1.05630888647365
S22	5	14526897	51450687	2	2	1.78007471475727	1.78007471475727
S22	5	51925816	105797561	1	0	0.758648029551414	0
S22	5	106203594	170172900	2	0	1.73739063142789	0
S22	5	170239042	180687718	3	0	2.51387149195135	0.0721640112357084
S22	6	589264	9621560	1	0	0.888426458940902	0
S22	6	10333326	25752765	2	1	1.60760921752515	0.99972008229477
S22	6	25927927	74418857	2	1	1.52196534767823	1.52196534767823
S22	6	74625851	113942066	1	1	1.3940462841907	0.628369181561606
S22	6	114336423	131646687	2	1	2.25493366638137	0.55052248156604
S22	6	131958685	146890503	1	0	0.526211960027625	0.526211960027625
S22	6	147183138	163733557	1	1	1.14370033127584	0.536602706121197
S22	6	164211715	170846968	2	1	2.04504890988219	0.97822772178262
S22	7	762569	16140514	1	0	0.858884011670242	0
S22	7	16442519	67715620	2	1	1.86646307371386	0.883701584078165
S22	7	68360643	101417019	2	1	2.32602201558668	0.829191020779063
S22	7	101525886	158366850	2	1	1.89477871345218	0.981728041143279
S22	8	454511	11036014	2	0	2.0593201029824	0
S22	8	11292987	22595912	1	0	1.26682600352155	0
S22	8	22666808	32669795	1	0	0.780063534619894	0
S22	8	33099992	47437428	3	0	2.62582214371221	0.183159195422413
S22	8	48102091	65436694	1	1	1.24736507337304	1.24736507337304
S22	8	65999648	72308614	3	1	3.12601866670578	1.25915634672705
S22	8	72485410	95370520	5	1	4.72875760711672	0.897093282962708
S22	8	95691693	146131735	5	2	4.80476512280787	2.11245918195563
S22	9	366796	14150432	4	2	4.49042955463017	2.15432031457096
S22	9	14347194	35361072	2	0	2.03893563275616	0
S22	9	35438155	38780565	3	2	2.31488649591746	2.31488649591746
S22	9	68635876	110622809	2	1	1.79265714995046	0.938685608425157
S22	9	110753298	126230293	2	2	2.03823456399497	2.03823456399497
S22	9	126738786	131915496	2	1	1.83414125672215	1.09043000613708
S22	9	132231920	138220001	2	1	1.69984667806584	0.583045586149677
S22	10	441623	44883350	2	1	1.74955591591979	1.74955591591979
S22	10	45035503	69916652	1	0	1.45146925347781	0
S22	10	70128395	93063818	2	1	1.87384851967483	0.883614538309126
S22	10	93287314	135322142	2	0	1.90763276678486	0
S22	11	277365	18233644	2	0	1.71139538918862	0
S22	11	18300754	87235783	2	0	1.94496563679761	0.279589376737208
S22	11	87500310	134111350	2	0	1.90199652643919	0
S22	12	454504	21694670	2	1	2.15102940502276	0.896156321092321
S22	12	21917235	33879979	2	2	2.07276490059185	2.07276490059185
S22	12	37366340	51234177	2	1	2.00393400336594	0.904908263670997
S22	12	51339989	132332384	2	0	1.89086016959384	0.00069574034009446
S22	13	19081795	66649111	2	1	1.59528469696439	1.59528469696439
S22	13	67277126	74897107	3	1	2.59631925201998	1.31480156755392
S22	13	75097337	114104177	4	1	3.66648302270059	1.33377565465941
S22	14	19754864	24773954	2	1	1.9852613601315	0.582426240228722
S22	14	25141524	101446246	2	0	1.88855010824654	0.00935670287911413
S22	14	101843316	106411893	3	0	2.9089784076297	0.0308991414285411
S22	15	20586064	34416765	2	1	2.16554881694039	1.38561691763427
S22	15	34823811	47442942	3	0	2.82292836893542	0.0168887370245719
S22	15	47684612	76784929	4	0	3.77901467068107	0.0336812756751232
S22	15	76958934	100051875	5	0	4.90940713820469	0
S22	16	121689	35095133	2	1	2.06351883019726	1.08387724658915
S22	16	45432643	66998771	2	1	1.59300452396369	1.59300452396369
S22	16	67011857	88687508	4	2	3.91802660485845	1.75310617350652
S22	17	460780	26305244	3	0	2.83085081979345	0.0688723543560509
S22	17	26646945	40001819	2	0	2.06011739706507	0.0391847503580618
S22	17	40263970	71628387	4	0	3.72718083116089	0.0727208610897166
S22	17	71847362	78515017	2	0	1.91491955378495	0.000440575517046594
S22	18	358577	13350947	4	0	3.8837875336063	0
S22	18	13658867	32185371	3	1	2.9477724491255	0.903504013102072
S22	18	32616245	58099975	1	1	1.07332384814355	0.535931887746558
S22	18	58148820	76039506	4	1	4.24575046433659	0.849166917808634
S22	19	368413	17574917	2	1	1.99726081442923	0.958302763181322
S22	19	17761903	24282001	2	2	1.99191192122791	1.99191192122791
S22	19	33214296	47799156	2	2	2.00973311907288	2.00973311907288
S22	19	48603169	63799279	3	0	3.03943757593559	0.109532579005258
S22	20	164735	29841134	2	0	2.32036046320322	0.444772848232862
S22	20	29971406	40062601	2	1	1.71877118441713	0.852472381094691
S22	20	40123972	62377237	4	1	3.7829153207553	0.610357167608286
S22	21	14520619	39662771	2	2	1.76109447601889	1.76109447601889
S22	21	39867970	45528278	2	1	1.52897482237557	0.825883774698582
S22	21	45551476	46901389	1	0	1.28295011955806	0.316340570761364
S22	22	15702881	41676095	2	1	2.3774752538729	0.954247180340883
S22	22	41942964	49348881	5	0	4.78849087906761	0
S22	X	3012949	153857056	1	0	0.917051548881803	0
