sample	chr	startpos	endpos	nMajor	nMinor
S27	1	1695590	120138178	1	0
S27	1	143133910	244820741	1	1
S27	2	385195	242780855	1	1
S27	3	454266	199235521	1	1
S27	4	414252	191263213	1	1
S27	5	221026	180687718	1	1
S27	6	589264	170846968	1	1
S27	7	762569	158366850	1	1
S27	8	454511	79419410	1	1
S27	8	79809500	101480952	1	0
S27	8	101736493	125393053	2	1
S27	8	125605323	138078998	4	1
S27	8	138626085	146131735	2	0
S27	9	366796	138220001	1	1
S27	10	441623	135322142	1	1
S27	11	277365	25909952	1	0
S27	11	26504945	40399294	1	1
S27	11	40962100	65688162	1	0
S27	11	65884959	75415926	2	1
S27	11	75794296	134111350	1	0
S27	12	454504	132332384	1	1
S27	13	19081795	114104177	1	0
S27	14	19754864	106411893	1	1
S27	15	20586064	100051875	1	1
S27	16	121689	35095133	1	1
S27	16	45432643	88687508	1	0
S27	17	460780	34058500	1	0
S27	17	34219362	40001819	3	1
S27	17	40263970	44391521	1	0
S27	17	44460873	78515017	1	1
S27	18	358577	76039506	1	0
S27	19	368413	63799279	1	1
S27	20	164735	51325379	1	1
S27	20	51625380	62377237	3	1
S27	21	14520619	18181836	1	0
S27	21	18569710	46901389	1	1
S27	22	15702881	49348881	1	1
S27	X	3012949	153857056	1	1
