sample	chr	startpos	endpos	nMajor	nMinor	nAraw	nBraw
S29	1	1695590	116300247	2	2	2.05595972639353	2.05595972639353
S29	1	116624361	120138178	3	2	3.00530743389009	2.11672907326677
S29	1	143133910	181914089	2	2	2.1017934880768	2.1017934880768
S29	1	182110864	192720950	2	1	1.8753496002457	1.0314389583582
S29	1	193125199	243198469	2	2	2.04092069999944	2.04092069999944
S29	1	243383416	244820741	2	1	2.39771314599242	1.25901960908041
S29	2	385195	89085270	2	1	2.05439326403517	1.02466306926631
S29	2	95309606	133395761	2	1	2.15349005463628	1.08239363456475
S29	2	133528176	178106964	2	1	2.02790840035952	0.680258691250304
S29	2	178293500	196485784	2	2	2.10173472537142	2.10173472537142
S29	2	196640269	242780855	2	1	2.01538982417867	0.738297697615573
S29	3	454266	85994979	2	1	2.04475927142404	1.0378441750555
S29	3	86357276	90173040	5	1	5.31849092859622	1.44341867648055
S29	3	95530694	199235521	4	0	3.93604598601932	0.00230982806158888
S29	4	414252	101198556	3	2	2.99567604930991	1.85119783958902
S29	4	101524159	144488061	2	2	1.84732878985798	1.84732878985798
S29	4	144702997	174686144	3	2	3.35110485386164	1.98717809585902
S29	4	174874848	191263213	2	2	1.75570283703761	1.75570283703761
S29	5	221026	17813578	3	2	2.92052125932466	1.8584830572431
S29	5	18251013	38042102	3	1	3.13588234123812	0.525469536102701
S29	5	38260826	54537730	3	0	2.95863596149396	0
S29	5	54725302	180687718	2	1	2.12816900642926	1.01138751425
S29	6	589264	95143932	2	2	1.81596111964605	1.81596111964605
S29	6	95554205	146081734	2	1	1.58332630155374	0.914445505261677
S29	6	146318311	163733557	2	1	2.14396270136762	1.06064061407189
S29	6	164211715	170846968	1	1	1.43955203617926	0.90621055169204
S29	7	762569	57462001	2	1	1.9422424146296	0.977432613792901
S29	7	62349902	75124742	2	2	1.87322945172246	1.87322945172246
S29	7	75343353	123757610	2	0	2.00801984514333	0.0819242960281872
S29	7	124100012	134031611	2	1	1.92021104788556	1.09279729136982
S29	7	134216563	158366850	2	2	1.90670858859811	1.90670858859811
S29	8	454511	31109691	1	0	0.982238637434395	0
S29	8	31566585	42141716	3	1	2.8034650297865	0.794870004550976
S29	8	42367676	79809500	5	3	4.59102610417007	2.55485135117746
S29	8	80434743	146131735	6	2	6.37896105091361	2.34459449297747
S29	9	366796	38780565	2	1	1.93328626581969	0.846462021922585
S29	9	68635876	90783475	2	0	1.91618470450442	0
S29	9	91816294	138220001	2	1	2.05242487095262	0.986573842971185
S29	10	441623	20251144	6	2	5.899162110628	1.73308356427769
S29	10	20685548	96050590	2	1	1.38569634868961	1.38569634868961
S29	10	96151643	135322142	2	1	1.92256746528622	1.0264650134999
S29	11	277365	61763421	2	1	2.03858069049968	1.06570284387295
S29	11	61939153	65688162	1	1	1.11929480308756	1.11929480308756
S29	11	65884959	77241170	3	2	3.12843984570685	2.12655040006971
S29	11	77471464	134111350	1	1	1.07485445321639	1.07485445321639
S29	12	454504	61507285	2	1	2.19476422657061	1.2264073926073
S29	12	62099455	70447456	7	3	7.42967468889541	2.93107506672958
S29	12	70505191	132332384	2	1	2.15992037062948	1.13850089878944
S29	13	19081795	32051550	2	1	2.01372201334302	0.908265236005548
S29	13	32391303	114104177	3	1	3.00658397536083	0.88823407792462
S29	14	19754864	106411893	2	1	2.06309423476508	1.01045040552532
S29	15	20586064	100051875	2	2	1.89898444216814	1.89898444216814
S29	16	121689	35095133	2	2	2.00042104342833	2.00042104342833
S29	16	45432643	71924670	2	2	1.76317091360628	1.76317091360628
S29	16	72450133	88687508	2	0	2.16217369561461	0.0516572110120698
S29	17	460780	7280629	4	0	3.89045543011001	0.0794806491245644
S29	17	7300683	22452973	3	0	2.74617905755562	0.0923145918555823
S29	17	22957664	44460873	3	2	2.77646739940535	1.80084004037784
S29	17	44785669	78515017	3	3	2.9074992143449	2.9074992143449
S29	18	358577	76039506	2	1	2.04390838362661	1.1018712107494
S29	19	368413	6397643	2	1	2.05386168679593	1.11996074185988
S29	19	6460036	24282001	1	1	1.11938024303979	1.11938024303979
S29	19	33214296	46246685	2	1	2.07318045105839	1.07612749564231
S29	19	46426795	63799279	3	1	2.76051754726213	1.05843557935998
S29	20	164735	37515440	2	1	2.34305260530735	1.15404177649849
S29	20	37711690	62377237	3	2	3.17488685955947	1.80294674524399
S29	21	14520619	35292475	2	1	1.63067701763611	1.63067701763611
S29	21	35579851	38578344	5	2	4.59963612677256	1.69650347197687
S29	21	38761815	46901389	9	1	8.53790234748597	1.36712951490319
S29	22	15702881	49348881	2	0	2.41977662438491	0.0559405573068806
S29	X	3012949	11689713	2	0	2.06566139121424	0.0680075455923332
S29	X	12249655	153857056	2	1	2.08121285822233	1.04769060026572
