sample	chr	startpos	endpos	nMajor	nMinor
S30	1	1695590	85729352	1	1
S30	1	85983855	92061241	1	0
S30	1	92256498	104753121	1	1
S30	1	105682971	117765282	1	0
S30	1	117921666	120138178	3	1
S30	1	143133910	244820741	4	1
S30	2	385195	89085270	1	1
S30	2	95309606	99429500	1	0
S30	2	99572757	198373369	1	1
S30	2	198417700	206117286	1	0
S30	2	206308356	242780855	1	1
S30	3	454266	199235521	1	1
S30	4	414252	191263213	1	1
S30	5	221026	24679171	2	0
S30	5	25268632	180687718	2	1
S30	6	589264	65470634	1	1
S30	6	66006250	99768660	1	0
S30	6	99974682	170846968	1	1
S30	7	762569	158366850	1	1
S30	8	454511	16492914	1	0
S30	8	17070439	19991001	2	0
S30	8	20148166	42529431	1	0
S30	8	42979213	146131735	6	1
S30	9	366796	138220001	1	1
S30	10	441623	135322142	1	1
S30	11	277365	67057166	1	1
S30	11	67112030	75940380	3	1
S30	11	76096134	134111350	1	0
S30	12	454504	132332384	1	1
S30	13	19081795	31269239	1	1
S30	13	31687633	102290550	1	0
S30	13	102362319	114104177	1	1
S30	14	19754864	106411893	1	1
S30	15	20586064	100051875	1	1
S30	16	121689	35095133	1	1
S30	16	45432643	88687508	1	0
S30	17	460780	78515017	1	1
S30	18	358577	10859090	1	0
S30	18	11406601	26843730	2	1
S30	18	26934580	76039506	1	0
S30	19	368413	63799279	1	1
S30	20	164735	62377237	2	1
S30	21	14520619	46901389	1	1
S30	22	15702881	49348881	1	1
S30	X	3012949	153857056	1	0
