sample	chr	startpos	endpos	nMajor	nMinor	nAraw	nBraw
S35	1	1695590	37865687	3	2	2.85273385422389	1.56423046088098
S35	1	38266968	78844669	3	2	2.56707358418439	2.56707358418439
S35	1	79157253	120138178	3	2	2.99726426748698	1.7646095527436
S35	1	143133910	150820470	5	3	5.16118720713965	2.78341573061308
S35	1	151074202	243523619	2	2	2.06166008392536	2.06166008392536
S35	1	243753266	244820741	2	0	2.3066891697212	0.296548964601361
S35	2	385195	89085270	3	1	2.91161935586519	0.949192069611208
S35	2	95309606	118972565	4	2	3.98802562082077	2.41988003875773
S35	2	119455029	121922738	7	3	7.25348208839352	2.73933872374602
S35	2	122434687	242780855	3	1	2.65041613999839	0.967448780914987
S35	3	454266	7906376	2	1	2.09257793850359	1.09089988116082
S35	3	8547198	90173040	2	2	2.23423154667035	2.23423154667035
S35	3	95530694	199235521	3	2	2.45657210015637	2.45657210015637
S35	4	414252	44106762	2	0	2.31580065676328	0
S35	4	44532187	91998338	3	2	2.57362143117156	2.57362143117156
S35	4	92368940	109392340	2	0	1.95182290512369	0
S35	4	109869823	191263213	5	0	4.53675714178206	0.00925689649931032
S35	5	221026	45990027	2	1	2.19982007817288	1.08794551690419
S35	5	46407460	180687718	1	1	1.18456443386861	1.18456443386861
S35	6	589264	92616295	3	3	2.87101766329733	2.87101766329733
S35	6	93266760	98997475	7	2	7.35399475031217	2.17619468317698
S35	6	99496088	107274267	21	4	21.1741283288954	3.72249248589356
S35	6	107500752	135931546	2	0	2.3777279571619	0
S35	6	136385777	170846968	3	1	2.53725074307503	1.15758750306445
S35	7	762569	158366850	2	2	2.1870824837427	2.1870824837427
S35	8	454511	36893054	1	0	1.3287067970083	0
S35	8	37266369	52840874	3	2	3.4852057847144	2.27022467715827
S35	8	53150460	146131735	6	2	5.91288615257271	2.13216507658971
S35	9	366796	2301107	1	0	1.1726406180133	0
S35	9	2618766	19608749	4	0	3.50173738852166	0
S35	9	19864519	29714079	3	1	2.50773425388156	0.695730359385568
S35	9	30335783	38780565	3	2	2.46285609970823	2.46285609970823
S35	9	68635876	132891376	3	1	2.56761469291939	1.27394699071301
S35	9	133040715	138220001	2	1	1.44718688834861	1.44718688834861
S35	10	441623	135322142	2	2	2.23923360388051	2.23923360388051
S35	11	277365	134111350	2	1	2.25223107988594	1.04265865896592
S35	12	454504	68479730	3	2	2.30169182379351	2.30169182379351
S35	12	68978812	132332384	3	0	2.82933163596026	0.116015676778282
S35	13	19081795	26428141	1	0	1.28698488564623	0.0957363072182796
S35	13	26680125	30722802	4	1	3.80543065538908	1.45233489562077
S35	13	30932474	114104177	1	1	1.11557471847962	1.11557471847962
S35	14	19754864	35338023	3	3	2.7823442680155	2.7823442680155
S35	14	35637373	106411893	3	1	2.5381094157609	1.19219540640248
S35	15	20586064	48710575	3	2	2.29105960399411	2.29105960399411
S35	15	48844372	62616931	3	0	3.07993937248056	0.11256706004027
S35	15	62972679	66997217	2	2	2.10694105558955	2.10694105558955
S35	15	67278201	100051875	6	2	5.66467102787473	1.70522730601122
S35	16	121689	35095133	3	1	2.89641898311207	0.777340625194422
S35	16	45432643	74019439	3	0	2.80151819632658	0.0887194558520993
S35	16	74284532	87592370	11	0	10.5886147031212	0
S35	16	87746558	88687508	1	0	1.03271201600591	0
S35	17	460780	5441076	5	0	5.04077821733157	0.187350114828539
S35	17	5949191	31056805	2	0	2.47080392661669	0
S35	17	31284906	78515017	5	0	4.98000922066728	0.100727426293802
S35	18	358577	13186203	3	0	2.92707156322533	0.231433466829921
S35	18	13350947	76039506	2	2	1.83841039391057	1.83841039391057
S35	19	368413	24282001	3	2	3.03659163593664	1.56051426800049
S35	19	33214296	57116150	3	2	3.02743023221258	1.92314741271122
S35	19	57375425	63799279	8	4	7.75249992346257	3.73323949904099
S35	20	164735	18634120	3	2	2.64106038769447	2.64106038769447
S35	20	18855518	29512622	3	0	3.42366864613461	0.117595725908053
S35	20	29841134	62377237	4	2	3.74559101759302	1.91057342821723
S35	21	14520619	46901389	2	0	2.33642087585769	0
S35	22	15702881	49348881	4	1	3.78506884187706	1.2484113771212
S35	X	3012949	49967922	3	0	2.66886193290867	0
S35	X	50271862	91353776	3	0	2.62401337470412	0.34858560522814
S35	X	92574171	153857056	3	3	3.02353513237618	3.02353513237618
