sample	chr	startpos	endpos	nMajor	nMinor	nAraw	nBraw
S40	1	1695590	120138178	1	1	1.05085052637481	1.05085052637481
S40	1	143133910	244820741	1	1	1.0995575972276	1.0995575972276
S40	2	385195	89085270	1	1	1.03178362197756	1.03178362197756
S40	2	95309606	242780855	1	1	1.04236446083023	1.04236446083023
S40	3	454266	90173040	1	1	1.0053517939476	1.0053517939476
S40	3	95530694	199235521	1	1	1.05593823078344	1.05593823078344
S40	4	414252	191263213	1	1	1.06184418761328	1.06184418761328
S40	5	221026	180687718	1	1	1.05373518329139	1.05373518329139
S40	6	589264	170846968	1	1	1.05433776101358	1.05433776101358
S40	7	762569	146238951	1	1	1.04076420056067	1.04076420056067
S40	7	146523778	158366850	1	1	0.871980783137061	0.871980783137061
S40	8	454511	43154337	1	1	0.969287340036741	0.969287340036741
S40	8	43532141	146131735	1	1	1.10263062521986	1.10263062521986
S40	9	366796	38780565	1	1	1.01770544122957	1.01770544122957
S40	9	68635876	138220001	1	1	0.99587352714906	0.99587352714906
S40	10	441623	135322142	1	1	1.01278701514579	1.01278701514579
S40	11	277365	134111350	1	1	0.989669064061701	0.989669064061701
S40	12	454504	132332384	1	1	1.05069099816824	1.05069099816824
S40	13	19081795	108582190	1	1	1.01221856653479	1.01221856653479
S40	13	108968782	114104177	1	1	0.79519941435739	0.79519941435739
S40	14	19754864	103488401	1	1	0.985206620658945	0.985206620658945
S40	14	103687512	106411893	2	1	1.60199012272833	0.863186633001856
S40	15	20586064	100051875	1	1	1.01027724952756	1.01027724952756
S40	16	121689	35095133	1	1	1.04074140939432	0.934495769449139
S40	16	45432643	88687508	1	1	0.957478837335739	0.957478837335739
S40	17	460780	78515017	1	1	0.953068693784481	0.953068693784481
S40	18	358577	76039506	1	1	1.03326545247098	1.03326545247098
S40	19	368413	24282001	1	1	0.997003108364424	0.997003108364424
S40	19	33214296	63799279	1	1	1.01363255087959	1.01363255087959
S40	20	164735	62377237	1	1	0.962158293214644	0.962158293214644
S40	21	14520619	46901389	1	1	1.01862790082458	1.01862790082458
S40	22	15702881	49348881	1	1	0.986840312877897	0.986840312877897
S40	X	3012949	153857056	1	1	1.01594388156714	1.01594388156714
