sample	chr	startpos	endpos	nMajor	nMinor	nAraw	nBraw
S42	1	1695590	31697751	2	0	2.35705880504028	0.0426769823556846
S42	1	31842789	52545400	4	0	4.41701887436762	0.087138120471765
S42	1	52870743	120138178	2	2	1.92829212878706	1.92829212878706
S42	1	143133910	244820741	2	2	2.05233606153798	2.05233606153798
S42	2	385195	89085270	2	2	1.9875935727495	1.9875935727495
S42	2	95309606	228614910	2	2	1.94117891154909	1.94117891154909
S42	2	228823927	242780855	2	0	2.1821488958006	0.0258883327323187
S42	3	454266	74071739	2	2	2.11537687762835	2.11537687762835
S42	3	74568292	90173040	2	2	2.16434036649311	1.51901640267674
S42	3	95530694	199235521	2	2	1.94765534598985	1.94765534598985
S42	4	414252	47708470	4	2	4.16492874037683	2.00959003259594
S42	4	47924613	191263213	2	2	1.8360587903167	1.8360587903167
S42	5	221026	128376922	2	2	1.80458566075973	1.80458566075973
S42	5	128586961	180687718	4	2	4.26035943419138	1.98195441910056
S42	6	589264	170846968	2	2	1.9096567347887	1.9096567347887
S42	7	762569	158366850	2	2	1.99819677012753	1.99819677012753
S42	8	454511	35547435	1	0	0.753814939313012	0
S42	8	35716089	101736493	3	1	2.58334013418604	0.94156175496439
S42	8	101903872	146131735	4	1	4.01157198487546	1.01294662918304
S42	9	366796	38780565	2	2	1.93667518020817	1.93667518020817
S42	9	68635876	138220001	2	2	2.13494474397202	2.13494474397202
S42	10	441623	135322142	2	2	1.98717178706345	1.98717178706345
S42	11	277365	64886932	2	1	2.07090592591707	1.00259493806005
S42	11	65066461	81477790	5	2	5.27957766942044	2.11239351029434
S42	11	82244256	111585992	2	0	1.56265776953355	0
S42	11	111605585	134111350	2	0	2.33536774850524	0.0535240514116747
S42	12	454504	132332384	2	2	2.00956337694212	2.00956337694212
S42	13	19081795	114104177	2	2	1.92964998154551	1.92964998154551
S42	14	19754864	23804197	3	2	2.50452474711065	2.50452474711065
S42	14	23846351	43382266	2	2	2.22098157407901	1.62112304638188
S42	14	44058304	106411893	2	2	2.16483772411329	2.16483772411329
S42	15	20586064	100051875	2	2	2.08122932132007	2.08122932132007
S42	16	121689	35095133	7	2	6.91801653701012	2.06408744290129
S42	16	45432643	88687508	2	0	2.14114795952135	0.0123718336152539
S42	17	460780	22452973	2	0	2.2194818928716	0.0370817638271659
S42	17	22957664	78515017	2	2	2.16911649093504	2.16911649093504
S42	18	358577	76039506	2	1	1.92588702497836	0.857278314487069
S42	19	368413	1025126	2	2	2.1209720631476	2.1209720631476
S42	19	1227439	10658372	3	0	2.59867996453961	0.256508302102252
S42	19	10810738	13550497	2	1	1.77534223039347	0.755564437339035
S42	19	13715581	24282001	2	2	2.23229637431585	2.23229637431585
S42	19	33214296	63799279	3	2	2.30341968315509	2.30341968315509
S42	20	164735	29841134	2	2	2.12085140290053	2.12085140290053
S42	20	29971406	62377237	4	2	4.20270903452721	2.11478157764412
S42	21	14520619	36606556	2	2	1.82948815778513	1.82948815778513
S42	21	36741142	46901389	4	0	4.26140608296288	0.047365820112246
S42	22	15702881	49348881	2	0	2.25365676061265	0.0596101928584436
S42	X	3012949	153857056	2	2	2.14203703508682	2.14203703508682
