sample	chr	startpos	endpos	nMajor	nMinor	nAraw	nBraw
S43	1	1695590	120138178	1	1	1.02424452183583	1.02424452183583
S43	1	143133910	244820741	2	1	2.16133580545306	0.982769243332975
S43	2	385195	89085270	1	1	1.00571233341694	1.00571233341694
S43	2	95309606	242780855	1	1	0.987881959091162	0.987881959091162
S43	3	454266	90173040	1	1	1.0319757636146	1.0319757636146
S43	3	95530694	199235521	1	1	0.958735187267522	0.958735187267522
S43	4	414252	191263213	1	1	0.98517117445448	0.98517117445448
S43	5	221026	180687718	1	1	1.00038142145824	1.00038142145824
S43	6	589264	170846968	1	1	0.986442840995181	0.986442840995181
S43	7	762569	158366850	1	1	1.01566853575966	1.01566853575966
S43	8	454511	146131735	1	1	0.994470344929154	0.994470344929154
S43	9	366796	38780565	1	1	1.00540023987565	1.00540023987565
S43	9	68635876	138220001	1	1	1.06567257840317	1.06567257840317
S43	10	441623	135322142	1	1	1.03353737216536	1.03353737216536
S43	11	277365	134111350	1	1	1.04469041126933	1.04469041126933
S43	12	454504	132332384	1	1	0.997806758755214	0.997806758755214
S43	13	19081795	114104177	1	1	0.949994303983348	0.949994303983348
S43	14	19754864	106411893	1	1	1.01946950823246	1.01946950823246
S43	15	20586064	100051875	1	1	1.00909387280368	1.00909387280368
S43	16	121689	35095133	1	1	1.07820416519435	1.07820416519435
S43	16	45432643	88687508	1	0	1.07441953077835	0.00566896895865604
S43	17	460780	78515017	1	1	1.04813390193203	1.04813390193203
S43	18	358577	76039506	1	1	0.983126332751727	0.983126332751727
S43	19	368413	24282001	1	1	1.11325598032968	1.11325598032968
S43	19	33214296	63799279	1	1	1.10865522467092	1.10865522467092
S43	20	164735	62377237	1	1	1.05885957630547	1.05885957630547
S43	21	14520619	46901389	1	1	1.1078785567018	0.952619996165334
S43	22	15702881	49348881	1	1	1.07147753507412	1.07147753507412
S43	X	3012949	153857056	1	1	1.04645956089441	1.04645956089441
