sample	chr	startpos	endpos	nMajor	nMinor	nAraw	nBraw
S44	1	1695590	120138178	1	1	1.00187350318593	1.00187350318593
S44	1	143133910	151824326	3	1	2.53002177711709	0.521583847507128
S44	1	151954756	156115286	1	0	1.49331457712579	0.132691646147095
S44	1	156567490	157894562	5	1	5.48562672437342	0.764305557915824
S44	1	157981647	162625830	3	0	2.88292375213443	0.400421588941582
S44	1	162967743	168067337	1	0	0.965879413985465	0
S44	1	168292968	170262088	5	1	5.20641897275752	1.24133292628015
S44	1	170398071	244820741	2	1	2.07178204290636	0.993730436258928
S44	2	385195	89085270	1	1	1.01581141020031	1.01581141020031
S44	2	95309606	242780855	1	1	1.03235478692166	1.03235478692166
S44	3	454266	90173040	1	1	1.03220899915909	1.03220899915909
S44	3	95530694	199235521	1	1	0.983846967486695	0.983846967486695
S44	4	414252	169097438	1	1	0.997799847609192	0.997799847609192
S44	4	169548913	179118727	1	0	0.535374442328424	0.323837216725513
S44	4	179726970	191263213	1	1	0.927078821273958	0.927078821273958
S44	5	221026	180687718	1	1	1.0062272461213	1.0062272461213
S44	6	589264	170846968	1	1	0.988264808292579	0.988264808292579
S44	7	762569	158366850	1	1	1.00323066595918	1.00323066595918
S44	8	454511	11749262	2	1	2.0508358550724	1.02001729440574
S44	8	11760830	33967573	1	0	1.22505928521356	0.0366562820623839
S44	8	34467642	43532141	5	1	5.33546825180444	0.646339344011123
S44	8	47437428	112678653	3	1	2.85618896580927	0.993975635939808
S44	8	113343192	138626085	7	1	7.45462615851636	0.964976479337673
S44	8	138984343	146131735	1	0	1.17797921563829	0
S44	9	366796	38780565	1	1	0.996426458596943	0.996426458596943
S44	9	68635876	138220001	1	1	1.00856018077429	1.00856018077429
S44	10	441623	135322142	1	1	1.01605929801168	1.01605929801168
S44	11	277365	5894923	1	0	1.15039537205569	0
S44	11	5911563	32756728	1	1	1.00028309384329	1.00028309384329
S44	11	33030640	38631942	2	1	2.19118907393632	1.0790877568162
S44	11	39963495	59345451	1	0	0.984147840738858	0
S44	11	59609474	70028936	2	1	2.22161544979279	0.87600335627989
S44	11	70410346	82244256	1	0	1.31686221431773	0.22167264718005
S44	11	82465124	134111350	1	0	0.982290069263377	0
S44	12	454504	132332384	1	1	1.02232600488691	1.02232600488691
S44	13	19081795	114104177	1	1	0.972656997536554	0.972656997536554
S44	14	19754864	106411893	1	1	0.977945494330716	0.977945494330716
S44	15	20586064	100051875	1	1	1.00631750319691	1.00631750319691
S44	16	121689	29996330	1	1	1.01084498749512	1.01084498749512
S44	16	30079998	35095133	1	0	1.08067846338289	0.485488183714616
S44	16	45432643	88687508	1	0	0.948489545442289	0
S44	17	460780	5235321	1	1	0.955812762842148	0.955812762842148
S44	17	5370935	22452973	1	0	0.943107457860028	0
S44	17	22957664	31985906	1	1	1.33083601143074	0.798555388362084
S44	17	32057206	39939106	1	0	1.00647234287543	0.380916581493741
S44	17	40001819	78515017	1	1	0.979297284208542	0.979297284208542
S44	18	358577	76039506	1	1	1.00392556579454	1.00392556579454
S44	19	368413	24282001	1	1	0.983353894431352	0.983353894431352
S44	19	33214296	63799279	1	1	0.97233790881214	0.97233790881214
S44	20	164735	62377237	1	1	1.05901611888756	1.05901611888756
S44	21	14520619	17010415	1	1	0.902992801251054	0.59933551094425
S44	21	17786898	46901389	1	0	0.979313837091859	0.067380801041965
S44	22	15702881	49348881	1	1	1.02563023594022	1.02563023594022
S44	X	3012949	153857056	1	1	1.00753664532477	1.00753664532477
