sample	chr	startpos	endpos	nMajor	nMinor
S45	1	1695590	120138178	2	1
S45	1	143133910	244820741	6	1
S45	2	385195	242780855	2	2
S45	3	454266	199235521	2	2
S45	4	414252	191263213	2	2
S45	5	221026	180687718	2	2
S45	6	589264	49268302	2	2
S45	6	49542547	101218904	2	1
S45	6	101330615	114336423	2	2
S45	6	114846489	134411774	2	1
S45	6	134690898	170846968	2	0
S45	7	762569	158366850	4	1
S45	8	454511	28752636	3	0
S45	8	28964582	146131735	4	1
S45	9	366796	138220001	2	1
S45	10	441623	135322142	2	0
S45	11	277365	14815050	2	0
S45	11	15125989	59345451	2	2
S45	11	59609474	71066084	3	1
S45	11	71414032	119776026	2	0
S45	11	119854547	134111350	2	2
S45	12	454504	132332384	3	2
S45	13	19081795	114104177	2	1
S45	14	19754864	106411893	2	1
S45	15	20586064	100051875	2	1
S45	16	121689	35095133	4	2
S45	16	45432643	88687508	2	0
S45	17	460780	18596524	3	0
S45	17	18884830	78515017	3	1
S45	18	358577	18818989	2	1
S45	18	19100096	76039506	2	2
S45	19	368413	24282001	2	1
S45	19	33214296	63799279	2	2
S45	20	164735	62377237	3	1
S45	21	14520619	46901389	2	2
S45	22	15702881	49348881	2	2
S45	X	3012949	153857056	2	2
