sample	chr	startpos	endpos	nMajor	nMinor	nAraw	nBraw
S46	1	1695590	35738274	1	0	1.04971122328444	0.0445236947362228
S46	1	36029549	45194841	2	1	1.96682456881092	0.951121591625801
S46	1	45223904	81914478	1	1	0.965092052113533	0.965092052113533
S46	1	82101468	88126181	1	0	0.502636502436504	0.0613602527418474
S46	1	88549004	120138178	1	1	0.880571263482546	0.880571263482546
S46	1	143133910	167307566	1	1	1.09494263466443	1.09494263466443
S46	1	167634696	197319518	1	0	1.0531218859028	0
S46	1	197536155	221217626	2	0	1.6001063793116	0.0572449648289024
S46	1	221540805	244820741	3	0	2.61534967528885	0.000757966574588619
S46	2	385195	11764783	1	1	0.84591604290865	0.84591604290865
S46	2	11987316	39122092	2	1	2.13548466165431	0.926334921606061
S46	2	39455637	89085270	1	1	0.916216594864979	0.916216594864979
S46	2	95309606	102848638	1	1	0.983701607168148	0.983701607168148
S46	2	103748935	113287401	1	0	1.01638555586542	0
S46	2	113401114	152591706	2	0	2.09292054593558	0.00333205482778071
S46	2	152678841	242780855	1	0	1.04555728615672	0
S46	3	454266	14966353	2	0	2.29372069667113	0.14485543651537
S46	3	15110177	90173040	1	0	0.986120188865841	0.0104827312055156
S46	3	95530694	140414000	1	1	1.02105644736949	1.02105644736949
S46	3	140724864	145071440	4	2	4.38452838625174	2.11320220294873
S46	3	145447844	176514879	2	1	2.49583840061804	1.32888869978295
S46	3	176824402	199235521	2	1	1.31319566466422	1.31319566466422
S46	4	414252	25864716	1	1	0.957097960608898	0.957097960608898
S46	4	26110950	52730175	1	0	0.698795297575492	0
S46	4	52812187	82778021	1	1	1.12813025199902	1.12813025199902
S46	4	83132798	191263213	1	0	0.920839316257452	0
S46	5	221026	34155286	2	1	2.24318403567585	0.969008364599248
S46	5	34758903	54537730	1	1	0.796061884448206	0.796061884448206
S46	5	54725302	133835434	1	0	0.829844047135125	0
S46	5	134083954	173143690	1	0	1.15881863404741	0.0157983360593236
S46	5	173392511	180687718	2	0	1.98440975470465	0.0456136499130424
S46	6	589264	12958454	2	1	2.03118302431444	0.882074873490286
S46	6	13410848	150384197	1	1	1.01038689550854	1.01038689550854
S46	6	150992327	170846968	1	0	0.888895257500103	0
S46	7	762569	53550702	1	0	0.959846597123716	0.00606118362916577
S46	7	53976300	90259201	1	1	0.905551083646925	0.905551083646925
S46	7	90421402	99702089	3	1	2.80863877820841	0.835154752142805
S46	7	100073573	107403872	3	0	2.79527440377941	0.166693305273097
S46	7	107811015	158366850	2	0	1.54036837690704	0.159136534998935
S46	8	454511	6776679	1	1	1.41715044625376	0.530347994504913
S46	8	6857052	67585896	1	1	0.784023748846996	0.784023748846996
S46	8	68567721	82108561	2	1	1.34393679421538	1.34393679421538
S46	8	82410532	101736493	3	1	2.53443718794862	0.984941413954633
S46	8	101903872	129512018	4	1	3.86018636146572	1.0887099654319
S46	8	129980780	146131735	1	0	1.20689526833023	0.0994485469909403
S46	9	366796	38780565	1	0	1.08425960583324	0.00113849820406222
S46	9	68635876	138220001	1	1	1.17630146758043	1.17630146758043
S46	10	441623	25390784	3	1	2.55679435621868	0.776193494117336
S46	10	25624023	71996983	1	1	0.997041699229721	0.997041699229721
S46	10	72196420	104664291	2	0	1.73710255651396	0.0141152102300874
S46	10	104962078	134391086	1	1	1.20687208656114	1.20687208656114
S46	10	134597671	135322142	1	0	0.994468327009656	0.109908398835173
S46	11	277365	10123711	1	0	1.1094623847266	0.166412891312991
S46	11	10413923	39963495	2	1	2.21709132773963	1.09216320950439
S46	11	40399294	80918177	1	1	0.984037640925425	0.984037640925425
S46	11	81477790	134111350	1	0	1.04179113143857	0.028311774956131
S46	12	454504	14582057	1	1	1.4735613496692	0.822653352024572
S46	12	14629716	57668575	1	1	0.983048103119861	0.983048103119861
S46	12	57965695	91149375	1	1	1.4433597135135	0.573932952691622
S46	12	91682515	108191105	1	1	1.21728407521822	1.21728407521822
S46	12	108427845	132332384	2	0	1.52123920673047	0.0417577613189572
S46	13	19081795	114104177	1	0	0.999867109589562	0
S46	14	19754864	66842319	1	0	1.00297205203664	0.00297059048802941
S46	14	66924577	75659908	2	0	2.16630375598456	0.0102639690623622
S46	14	75885285	106411893	1	0	1.12130137488962	0
S46	15	20586064	64664761	1	0	0.894303444152219	0
S46	15	64803998	71404840	2	1	1.96999660407101	0.925617478716283
S46	15	71767186	100051875	1	1	1.05906971755076	1.05906971755076
S46	16	121689	35095133	1	0	0.707155451505978	0.707155451505978
S46	16	45432643	65324103	1	0	1.0470994001814	0.401080023474689
S46	16	65443432	88687508	1	1	0.978461466310564	0.978461466310564
S46	17	460780	41335966	1	0	1.16873004824946	0.0417465152115356
S46	17	41535248	78515017	2	0	1.95571086068184	0.0584354693523255
S46	18	358577	76039506	1	1	0.815022867017563	0.815022867017563
S46	19	368413	6832402	1	0	1.15595925958792	0.129560284140396
S46	19	6907095	16992395	1	1	1.01153266023069	1.01153266023069
S46	19	17240196	24282001	1	0	0.95711962056241	0.135109631221937
S46	19	33214296	45345558	3	1	2.72788742943789	0.788600168164649
S46	19	45501325	63799279	2	0	2.36020712460259	0.142694366023507
S46	20	164735	9785764	1	0	1.0155705409157	0.0852855400620045
S46	20	10139194	62377237	1	1	1.03129998858243	1.03129998858243
S46	21	14520619	46901389	2	0	1.75194090896462	0
S46	22	15702881	49348881	1	0	0.724389551731716	0.724389551731716
S46	X	3012949	57832808	1	0	1.01690679437929	0.0105663245973722
S46	X	62171465	141242600	1	1	1.01851922375205	1.01851922375205
S46	X	141900615	153857056	1	0	1.19372775936344	0.488294117477536
