sample	chr	startpos	endpos	nMajor	nMinor
S48	1	1695590	120138178	1	1
S48	1	143133910	244820741	2	1
S48	2	385195	242780855	1	1
S48	3	454266	199235521	1	1
S48	4	414252	191263213	1	1
S48	5	221026	180687718	1	1
S48	6	589264	62576161	1	1
S48	6	62838498	170846968	1	0
S48	7	762569	2878509	1	0
S48	7	3285074	158366850	1	1
S48	8	454511	146131735	1	1
S48	9	366796	38780565	1	0
S48	9	68635876	94452750	1	1
S48	9	94688793	104623350	1	0
S48	9	104756796	138220001	1	1
S48	10	441623	135322142	1	1
S48	11	277365	77241170	1	1
S48	11	77471464	134111350	1	0
S48	12	454504	132332384	1	1
S48	13	19081795	114104177	1	1
S48	14	19754864	48785324	1	1
S48	14	49123668	69559601	2	1
S48	14	69891284	92832394	1	0
S48	14	93251411	106411893	2	1
S48	15	20586064	35560110	1	0
S48	15	35921425	39619796	2	1
S48	15	39655225	41101988	1	0
S48	15	41379811	100051875	2	1
S48	16	121689	60664469	2	1
S48	16	61878585	68946784	1	1
S48	16	69124821	88687508	1	0
S48	17	460780	78515017	1	1
S48	18	358577	76039506	1	1
S48	19	368413	63799279	1	1
S48	20	164735	62377237	2	1
S48	21	14520619	46901389	1	1
S48	22	15702881	49348881	1	0
S48	X	3012949	144680040	1	1
S48	X	145183055	153857056	1	0
