sample	chr	startpos	endpos	nMajor	nMinor	nAraw	nBraw
S51	1	1695590	62542882	1	1	0.845590553420696	0.845590553420696
S51	1	62779728	93868770	1	0	1.00027228238826	0
S51	1	93986627	120138178	1	1	1.02728488510228	1.02728488510228
S51	1	143133910	244820741	3	1	2.95314087189482	0.988536687374242
S51	2	385195	89085270	1	1	1.0159010292609	1.0159010292609
S51	2	95309606	242780855	1	1	1.10571364632507	1.10571364632507
S51	3	454266	90173040	1	1	0.978965432539687	0.978965432539687
S51	3	95530694	199235521	1	1	1.11264431039307	1.11264431039307
S51	4	414252	57219140	1	1	1.05114176290394	1.05114176290394
S51	4	57723679	100339693	2	0	1.55451966122324	0.262832041984515
S51	4	100408999	149237919	1	1	1.10001916804296	1.10001916804296
S51	4	149533643	191263213	2	0	1.84794368888646	0
S51	5	221026	180687718	1	1	1.06490529220708	1.06490529220708
S51	6	589264	57229477	2	1	1.5362609600765	1.5362609600765
S51	6	58633891	68707012	5	2	5.31393065272776	2.25534972340225
S51	6	69239919	85149270	1	0	1.17390223346095	0.0239595704783291
S51	6	85427912	147904014	1	1	1.05345544854598	1.05345544854598
S51	6	148325830	170846968	1	0	1.06089292847952	0.034740732024451
S51	7	762569	158366850	1	1	0.988020535144854	0.988020535144854
S51	8	454511	11423305	1	0	1.17938377987793	0.0519396228144662
S51	8	11662120	146131735	1	1	0.968796695253987	0.968796695253987
S51	9	366796	38780565	1	1	1.05697874176535	1.05697874176535
S51	9	68635876	138220001	1	1	0.849768417444635	0.849768417444635
S51	10	441623	135322142	1	1	0.822214043333886	0.822214043333886
S51	11	277365	111442131	1	1	0.969571721969023	0.969571721969023
S51	11	111585992	134111350	1	0	0.87429798821249	0
S51	12	454504	132332384	1	1	1.03231688686749	1.03231688686749
S51	13	19081795	46273555	3	0	3.28416932301308	0.091681237435262
S51	13	46623483	114104177	2	0	1.78010718476194	0.0269848839308993
S51	14	19754864	106411893	1	1	0.981604850081918	0.981604850081918
S51	15	20586064	100051875	1	1	0.932109285348441	0.932109285348441
S51	16	121689	35095133	1	1	0.873778630603292	0.873778630603292
S51	16	45432643	88687508	1	1	0.835207859981741	0.835207859981741
S51	17	460780	31985906	1	1	0.883857634516383	0.883857634516383
S51	17	32057206	50247503	1	0	1.20917729223376	0.127780730747776
S51	17	50465437	78515017	1	1	0.886114261048302	0.886114261048302
S51	18	358577	76039506	1	1	1.00929740765867	1.00929740765867
S51	19	368413	24282001	1	0	0.719322831642232	0.719322831642232
S51	19	33214296	63799279	1	1	0.79578886037656	0.79578886037656
S51	20	164735	62377237	1	1	1.00621144849785	1.00621144849785
S51	21	14520619	46901389	1	1	0.989395911844576	0.989395911844576
S51	22	15702881	49348881	1	0	0.868233281094103	0
S51	X	3012949	153857056	1	1	0.918176604040606	0.918176604040606
