sample	chr	startpos	endpos	nMajor	nMinor	nAraw	nBraw
S53	1	1695590	120138178	1	1	1.04503231495638	1.04503231495638
S53	1	143133910	244820741	1	1	1.103083466089	1.103083466089
S53	2	385195	89085270	1	1	1.07383949834193	1.07383949834193
S53	2	95309606	206117286	1	1	1.14952131945017	1.14952131945017
S53	2	206308356	242780855	1	1	1.17657108395419	0.874532126847706
S53	3	454266	77085647	1	1	1.00614345981253	1.00614345981253
S53	3	77760455	90173040	1	1	1.08622299984594	0.842449611953057
S53	3	95530694	199235521	1	1	1.03943077607734	1.03943077607734
S53	4	414252	69611445	1	1	0.983926465630834	0.983926465630834
S53	4	70556441	79392154	1	1	1.40087980027239	0.997012344857431
S53	4	79655925	191263213	1	1	1.09300622330095	1.09300622330095
S53	5	221026	180687718	1	1	0.985655034138778	0.985655034138778
S53	6	589264	45286144	1	1	1.06220236716588	1.06220236716588
S53	6	45686226	170846968	1	1	0.943833295135807	0.943833295135807
S53	7	762569	158366850	1	1	1.05232873545296	1.05232873545296
S53	8	454511	43532141	1	1	0.922638928645382	0.922638928645382
S53	8	47437428	146131735	1	1	1.17838157281151	1.17838157281151
S53	9	366796	38780565	1	1	1.06153249755612	1.06153249755612
S53	9	68635876	129932781	1	1	0.995489652873664	0.995489652873664
S53	9	130119493	138220001	1	1	1.41879491964294	1.01398069667623
S53	10	441623	135322142	1	1	1.04877032974163	1.04877032974163
S53	11	277365	134111350	1	1	1.02164934266495	1.02164934266495
S53	12	454504	132332384	1	1	1.02581245845904	1.02581245845904
S53	13	19081795	114104177	1	1	0.991238371494979	0.991238371494979
S53	14	19754864	22996186	2	1	1.51277969535809	1.0212502808334
S53	14	23109409	54380078	1	1	1.17741255230371	0.926254559348273
S53	14	54419406	106411893	1	1	0.995798954073956	0.995798954073956
S53	15	20586064	100051875	1	1	1.04713755225705	1.04713755225705
S53	16	121689	35095133	1	1	1.11429456654818	1.11429456654818
S53	16	45432643	88687508	1	1	1.06201980960409	1.06201980960409
S53	17	460780	32549086	1	1	1.01009279027593	1.01009279027593
S53	17	32684821	35191888	2	2	2.44673057083468	1.8057399954823
S53	17	35338674	78515017	1	1	1.22666652587358	1.0375493199962
S53	18	358577	76039506	1	1	1.04246361410252	1.04246361410252
S53	19	368413	24282001	1	1	1.07149084961168	1.07149084961168
S53	19	33214296	35977085	3	1	2.53532591299508	1.11350005917342
S53	19	36447809	63799279	1	1	1.03477022986172	1.03477022986172
S53	20	164735	62377237	1	1	1.11503725490556	1.11503725490556
S53	21	14520619	46901389	2	1	1.62157907988374	0.923638498625737
S53	22	15702881	49348881	1	1	1.16853699735398	1.16853699735398
S53	X	3012949	153857056	1	1	1.00886033752255	1.00886033752255
