sample	chr	startpos	endpos	nMajor	nMinor	nAraw	nBraw
S54	1	1695590	30997768	1	1	1.05464412560757	1.05464412560757
S54	1	31067347	50467702	1	1	1.18429421754652	0.936913831912459
S54	1	50841629	120138178	1	1	1.14505764028285	1.14505764028285
S54	1	143133910	244820741	1	1	1.11962350390542	1.11962350390542
S54	2	385195	89085270	1	1	1.08951394535078	1.08951394535078
S54	2	95309606	242780855	1	1	1.08901834474762	1.08901834474762
S54	3	454266	90173040	1	1	1.0361193694132	1.0361193694132
S54	3	95530694	199235521	1	1	1.08029677337135	1.08029677337135
S54	4	414252	191263213	1	1	1.05674110045088	1.05674110045088
S54	5	221026	150144882	1	1	1.10076394984119	1.10076394984119
S54	5	150373389	180687718	1	1	1.25910977309421	0.93582786925779
S54	6	589264	170846968	1	1	1.08697925111336	1.08697925111336
S54	7	762569	158366850	1	1	1.12395077306042	1.12395077306042
S54	8	454511	146131735	1	1	1.0786845965423	1.0786845965423
S54	9	366796	38780565	1	1	1.08550146694611	1.08550146694611
S54	9	68635876	138220001	1	1	1.0992621158128	1.0992621158128
S54	10	441623	76634216	1	1	1.12233386713847	1.12233386713847
S54	10	77106435	88544803	1	1	1.37576961041115	0.977407846549084
S54	10	88733953	135322142	1	1	1.05393417179316	1.05393417179316
S54	11	277365	14170994	1	1	1.10945966258453	0.905809738675547
S54	11	14224821	93547285	1	1	1.06669204607153	1.06669204607153
S54	11	93806976	126023793	1	1	1.1783206715661	0.905124409722889
S54	11	126120010	134111350	1	1	0.971671543638987	0.971671543638987
S54	12	454504	132332384	1	1	1.05912608011483	1.05912608011483
S54	13	19081795	78142569	1	1	1.05180563967237	1.05180563967237
S54	13	78472098	114104177	1	1	1.44399363171977	0.948899189253157
S54	14	19754864	106411893	1	1	1.06149754891585	1.06149754891585
S54	15	20586064	100051875	1	1	1.0251776273137	1.0251776273137
S54	16	121689	35095133	1	1	1.09295753645445	1.09295753645445
S54	16	45432643	88687508	1	1	1.08478762391231	1.08478762391231
S54	17	460780	78515017	1	1	1.03025432838949	1.03025432838949
S54	18	358577	76039506	1	1	1.10402942790044	1.10402942790044
S54	19	368413	24282001	1	1	1.05352607293024	1.05352607293024
S54	19	33214296	63799279	1	1	1.10373600199857	1.00680275095934
S54	20	164735	62377237	1	1	1.08762569010151	1.08762569010151
S54	21	14520619	46901389	1	1	1.04305413604207	1.04305413604207
S54	22	15702881	49348881	1	1	1.00300444135256	1.00300444135256
S54	X	3012949	153857056	1	1	1.00174224278696	1.00174224278696
