sample	chr	startpos	endpos	nMajor	nMinor
S55	1	1695590	37865687	3	0
S55	1	38266968	53750973	3	2
S55	1	54010647	92348436	2	0
S55	1	92575275	100152925	2	1
S55	1	100287342	112498511	1	0
S55	1	112784728	120138178	2	0
S55	1	143133910	147688326	3	2
S55	1	147896005	177333635	3	3
S55	1	177586210	244820741	2	2
S55	2	385195	5895953	2	2
S55	2	6209082	36627312	2	0
S55	2	36935396	62057536	2	2
S55	2	62939725	101926504	2	1
S55	2	102107510	241239821	2	2
S55	2	241507017	242780855	2	0
S55	3	454266	17392617	4	0
S55	3	18218383	53937703	2	0
S55	3	54247475	57123076	0	0
S55	3	57350352	74905725	2	0
S55	3	75566028	111859188	2	2
S55	3	112287432	137387644	2	0
S55	3	137596156	199235521	5	0
S55	4	414252	5802640	4	0
S55	4	5928553	109296631	2	0
S55	4	109392340	150704404	4	0
S55	4	151261788	191263213	2	0
S55	5	221026	3282933	2	0
S55	5	3744536	45990027	2	2
S55	5	46407460	178561741	2	0
S55	5	179054432	180687718	4	0
S55	6	589264	8766058	2	1
S55	6	8994399	30193456	5	1
S55	6	30275137	31852851	3	1
S55	6	32000255	56113338	2	0
S55	6	56574161	84272021	3	2
S55	6	84700837	138817472	2	1
S55	6	139309470	170846968	2	0
S55	7	762569	57462001	2	0
S55	7	62349902	139994170	2	1
S55	7	140256930	158366850	1	0
S55	8	454511	12793370	4	0
S55	8	12947343	35547435	2	0
S55	8	35716089	48102091	3	1
S55	8	48669925	99551922	2	0
S55	8	100117497	110555398	4	0
S55	8	110687724	125197496	6	0
S55	8	125393053	144741938	5	1
S55	8	144825935	146131735	4	3
S55	9	366796	38780565	3	0
S55	9	68635876	72774833	2	1
S55	9	73930499	138220001	2	0
S55	10	441623	15085858	4	2
S55	10	15281959	24858682	4	3
S55	10	25044443	101959755	2	0
S55	10	102155048	135322142	3	0
S55	11	277365	3210022	2	1
S55	11	3695118	19294156	2	0
S55	11	19397877	43906269	2	1
S55	11	44130756	81477790	2	2
S55	11	82244256	121677888	2	0
S55	11	122072637	134111350	3	0
S55	12	454504	14085255	3	2
S55	12	14582057	25380461	2	0
S55	12	25971441	38268344	3	1
S55	12	38574398	76900515	2	0
S55	12	77051455	113545577	4	0
S55	12	113843466	132332384	2	0
S55	13	19081795	93864512	1	0
S55	13	93979315	114104177	3	0
S55	14	19754864	22113214	2	1
S55	14	22292007	106411893	2	0
S55	15	20586064	81308481	2	0
S55	15	81962209	95910808	4	2
S55	15	96411573	100051875	3	2
S55	16	121689	2120625	2	0
S55	16	2578880	35095133	2	1
S55	16	45432643	63614908	2	2
S55	16	64044294	71274007	3	0
S55	16	71673603	85931179	1	0
S55	16	86064453	88687508	5	0
S55	17	460780	8581298	2	0
S55	17	8705301	16215668	4	0
S55	17	16506750	45213406	2	0
S55	17	45528257	71502439	4	0
S55	17	71534560	78515017	3	0
S55	18	358577	44491208	2	2
S55	18	44668422	76039506	4	0
S55	19	368413	12582193	2	0
S55	19	12603713	24282001	2	1
S55	19	33214296	52202657	2	2
S55	19	52392314	63799279	2	1
S55	20	164735	2048808	1	0
S55	20	2269959	7829779	3	1
S55	20	8179679	25501936	3	0
S55	20	29512622	51625380	2	1
S55	20	52071375	62377237	2	2
S55	21	14520619	46901389	2	1
S55	22	15702881	39062390	2	2
S55	22	39242532	49348881	2	0
S55	X	3012949	22137882	1	0
S55	X	22638153	31279026	2	0
S55	X	31928313	62171465	1	1
S55	X	63356856	153857056	1	0
