sample	chr	startpos	endpos	nMajor	nMinor	nAraw	nBraw
S58	1	1695590	120138178	1	1	1.00414718477582	1.00414718477582
S58	1	143133910	244820741	1	1	1.00312391653116	1.00312391653116
S58	2	385195	89085270	1	1	0.98919279218289	0.98919279218289
S58	2	95309606	242780855	1	1	0.978297935675495	0.978297935675495
S58	3	454266	90173040	1	1	0.99880322649971	0.99880322649971
S58	3	95530694	199235521	1	1	0.97994883193692	0.97994883193692
S58	4	414252	191263213	1	1	0.980379671780048	0.980379671780048
S58	5	221026	180687718	1	1	0.999499241586436	0.999499241586436
S58	6	589264	56574161	1	1	1.09234905272256	1.09234905272256
S58	6	56597116	170846968	1	1	0.893441764220717	0.893441764220717
S58	7	762569	158366850	1	1	0.998553231817351	0.998553231817351
S58	8	454511	146131735	1	1	0.996559074141806	0.996559074141806
S58	9	366796	38780565	1	1	0.913195079411645	0.913195079411645
S58	9	68635876	138220001	1	1	1.02982066345567	1.02982066345567
S58	10	441623	135322142	1	1	0.992208170713281	0.992208170713281
S58	11	277365	134111350	1	1	0.999964747582423	0.999964747582423
S58	12	454504	132332384	1	1	0.986106127185134	0.986106127185134
S58	13	19081795	114104177	1	1	0.992955874460042	0.992955874460042
S58	14	19754864	106411893	1	1	1.00396530450654	1.00396530450654
S58	15	20586064	100051875	1	1	1.02465120263101	1.02465120263101
S58	16	121689	35095133	1	1	1.05210780818959	1.05210780818959
S58	16	45432643	88687508	1	1	1.02664740855462	1.02664740855462
S58	17	460780	78515017	1	1	1.02999759261367	1.02999759261367
S58	18	358577	76039506	1	1	0.994068673024006	0.994068673024006
S58	19	368413	24282001	1	1	1.02988855273118	1.02988855273118
S58	19	33214296	63799279	1	1	1.04301164152611	1.04301164152611
S58	20	164735	62377237	1	1	1.02619099912987	1.02619099912987
S58	21	14520619	46901389	1	1	0.992896863086339	0.992896863086339
S58	22	15702881	49348881	1	1	1.0385016089044	1.0385016089044
S58	X	3012949	153857056	1	1	1.04311543375956	1.04311543375956
