sample	chr	startpos	endpos	nMajor	nMinor	nAraw	nBraw
S63	1	1695590	120138178	3	2	2.30495722784432	2.30495722784432
S63	1	143133910	244820741	3	2	2.54556931816769	2.54556931816769
S63	2	385195	15332625	3	2	2.63040237062609	2.09867845220012
S63	2	15573575	89085270	3	2	2.34338235300894	2.34338235300894
S63	2	95309606	118972565	3	2	2.62251163632556	2.00811236806635
S63	2	119455029	242780855	3	2	2.38384068198374	2.38384068198374
S63	3	454266	90173040	2	2	2.14684182721306	2.14684182721306
S63	3	95530694	134649768	3	2	2.51439391788545	1.98283442358988
S63	3	134843951	199235521	3	2	2.39791356792516	2.39791356792516
S63	4	414252	9857129	2	2	1.95398873513295	1.95398873513295
S63	4	10122262	105754608	3	2	2.35155495509919	2.35155495509919
S63	4	105923792	126735659	3	2	2.61301460203994	2.0328162621622
S63	4	127070298	191263213	2	2	2.20244209143404	2.20244209143404
S63	5	221026	174281467	3	2	2.69349536203105	1.90960110934574
S63	5	174650301	180687718	2	2	2.22995653098741	2.22995653098741
S63	6	589264	44477643	2	2	2.20288154534312	2.20288154534312
S63	6	44652901	126480022	3	2	2.52268309108924	2.52268309108924
S63	6	126821979	154911464	3	2	3.35190232397336	2.47043016277984
S63	6	155226013	170846968	2	2	2.22166446886745	2.22166446886745
S63	7	762569	158366850	3	2	2.29935958487047	2.29935958487047
S63	8	454511	29198762	2	2	2.41345690065559	1.89932893804082
S63	8	29679033	146131735	3	2	2.3288897867946	2.3288897867946
S63	9	366796	38780565	2	2	2.24261928769296	2.24261928769296
S63	9	68635876	98997072	2	2	2.28200606447701	1.80487343573408
S63	9	99459996	138220001	2	2	2.08066277111963	2.08066277111963
S63	10	441623	50519384	3	2	2.47899339177028	2.47899339177028
S63	10	50679465	135322142	3	2	2.70741251148073	1.84060548506998
S63	11	277365	77715791	2	2	2.15897029591157	2.15897029591157
S63	11	77910618	87500310	3	3	3.42252425236375	2.60597170864083
S63	11	88055710	134111350	2	2	2.1486569887302	2.1486569887302
S63	12	454504	132332384	3	2	2.33104996330829	2.33104996330829
S63	13	19081795	114104177	2	2	2.15811385521796	2.15811385521796
S63	14	19754864	106411893	3	2	2.26323304768063	2.26323304768063
S63	15	20586064	100051875	2	2	2.36482815563154	2.15199136391541
S63	16	121689	35095133	2	2	2.18042455566766	2.18042455566766
S63	16	45432643	88687508	2	2	2.05416363428557	2.05416363428557
S63	17	460780	20130172	3	2	2.59154230897373	1.85244767571272
S63	17	20995309	78515017	3	2	2.27433014047288	2.27433014047288
S63	18	358577	76039506	2	2	2.22728381690299	2.22728381690299
S63	19	368413	24282001	2	2	2.20370501922362	2.20370501922362
S63	19	33214296	63799279	2	2	1.9999493554345	1.9999493554345
S63	20	164735	62377237	2	2	2.22141384952675	2.22141384952675
S63	21	14520619	46901389	2	2	2.23794833295858	2.23794833295858
S63	22	15702881	49348881	3	2	2.56442141059762	1.81562339949632
S63	X	3012949	153857056	2	2	2.16943216308064	2.16943216308064
