sample	chr	startpos	endpos	nMajor	nMinor
S64	1	1695590	244820741	1	1
S64	2	385195	242780855	1	1
S64	3	454266	199235521	1	1
S64	4	414252	191263213	1	1
S64	5	221026	180687718	1	1
S64	6	589264	22616106	2	1
S64	6	23198551	117842144	1	1
S64	6	118052118	148325830	2	1
S64	6	148831956	170846968	1	1
S64	7	762569	158366850	1	1
S64	8	454511	92040162	1	1
S64	8	92249779	123369637	2	1
S64	8	123816366	146131735	1	1
S64	9	366796	138220001	1	1
S64	10	441623	135322142	1	1
S64	11	277365	134111350	1	1
S64	12	454504	132332384	1	1
S64	13	19081795	114104177	1	1
S64	14	19754864	106411893	1	1
S64	15	20586064	100051875	1	1
S64	16	121689	88687508	1	1
S64	17	460780	44460873	1	1
S64	17	44785669	47937933	2	1
S64	17	48713289	78515017	1	1
S64	18	358577	76039506	1	1
S64	19	368413	63799279	1	1
S64	20	164735	62377237	1	1
S64	21	14520619	46901389	1	1
S64	22	15702881	49348881	1	1
S64	X	3012949	153857056	1	1
