sample	chr	startpos	endpos	nMajor	nMinor
S65	1	1695590	117765282	1	0
S65	1	117921666	155099570	2	1
S65	1	155206174	181914089	3	1
S65	1	182110864	244820741	4	1
S65	2	385195	242780855	1	1
S65	3	454266	25971700	1	1
S65	3	26777851	56066702	1	0
S65	3	56368360	199235521	1	1
S65	4	414252	191263213	1	1
S65	5	221026	180687718	1	1
S65	6	589264	170846968	1	1
S65	7	762569	158366850	1	1
S65	8	454511	146131735	1	1
S65	9	366796	138220001	1	1
S65	10	441623	135322142	1	1
S65	11	277365	134111350	1	1
S65	12	454504	130116438	1	1
S65	12	130316844	132332384	1	0
S65	13	19081795	114104177	1	1
S65	14	19754864	106411893	1	1
S65	15	20586064	100051875	1	1
S65	16	121689	88687508	1	1
S65	17	460780	78515017	1	1
S65	18	358577	76039506	1	1
S65	19	368413	63799279	1	1
S65	20	164735	62377237	1	1
S65	21	14520619	46901389	1	1
S65	22	15702881	49348881	1	1
S65	X	3012949	153857056	1	1
