sample	chr	startpos	endpos	nMajor	nMinor	nAraw	nBraw
S66	1	1695590	31067347	2	1	1.87529431746952	0.977730813676558
S66	1	31101268	84189839	2	2	1.92929879359479	1.92929879359479
S66	1	84363439	112135624	7	2	6.98300254883024	1.79745736930433
S66	1	112498511	120138178	4	2	3.51067736853978	1.78986133653084
S66	1	143133910	162244477	4	2	4.31451186142373	2.32174672316066
S66	1	162418551	215895124	3	2	2.81114784368363	1.85688638510618
S66	1	216197762	237479515	4	3	4.13462938506717	2.81491729585966
S66	1	238090072	244820741	2	2	2.22695229234108	2.22695229234108
S66	2	385195	49241551	1	1	0.97789033784927	0.97789033784927
S66	2	49611939	80916630	2	1	1.94532106605868	0.996082031677667
S66	2	82281491	89085270	2	2	1.87962798845826	1.87962798845826
S66	2	95309606	242780855	2	1	1.90378938393383	0.942056063745875
S66	3	454266	90173040	2	1	1.87136695984953	0.96010447773607
S66	3	95530694	199235521	2	1	1.92164566429505	0.968066364628789
S66	4	414252	191263213	2	0	1.86080863496657	0
S66	5	221026	180687718	1	1	0.965062456110209	0.965062456110209
S66	6	589264	4799483	2	2	2.00742493389474	2.00742493389474
S66	6	5119330	26372119	3	1	2.66961667082	1.26580744777342
S66	6	26412713	45984156	3	1	3.11740042786642	1.09871512147535
S66	6	46230612	170846968	4	1	3.85115003239286	1.34326177552409
S66	7	762569	62349902	3	1	2.77781017996645	0.914840910501865
S66	7	63339940	158366850	1	1	0.921553308640248	0.921553308640248
S66	8	454511	35547435	2	1	1.92927856526213	0.984827179094237
S66	8	35716089	146131735	3	2	2.82297721895251	1.95934521118363
S66	9	366796	35021062	4	2	3.56290673427982	1.85484712865719
S66	9	35135426	38780565	2	0	1.92385473581184	0.0941548913473066
S66	9	68635876	138220001	2	0	1.86460634612693	0
S66	10	441623	33567588	2	2	2.15326443758085	2.15326443758085
S66	10	33789893	82066303	2	1	1.62533303859264	1.62533303859264
S66	10	82350641	135322142	2	0	1.8631447679138	0
S66	11	277365	32440599	1	1	0.905703192689779	0.905703192689779
S66	11	32756728	134111350	2	1	1.8365263284951	0.938168013657573
S66	12	454504	132332384	2	0	1.92893036000763	0.0175981939659614
S66	13	19081795	110258140	1	0	0.932712217075364	0
S66	13	110458711	114104177	2	0	2.14055360747365	0
S66	14	19754864	106411893	2	0	1.89032776239449	0
S66	15	20586064	89334705	2	1	1.88101400276257	0.911768040341936
S66	15	89350920	100051875	3	1	2.62901532262035	0.915762558991705
S66	16	121689	17280072	3	1	2.63499041767419	0.961428672402679
S66	16	17556272	35095133	2	1	1.62489068500204	0.995180548648535
S66	16	45432643	88687508	1	1	0.941883887964709	0.941883887964709
S66	17	460780	44785669	2	0	1.97079877626924	0.0152228823941325
S66	17	45213406	78515017	3	0	3.16147402927715	0
S66	18	358577	14850584	3	1	3.1415065522269	0.978644373323182
S66	18	17287785	76039506	1	1	0.933304573777157	0.933304573777157
S66	19	368413	24282001	3	0	2.52930750093872	0.0731936701718364
S66	19	33214296	41657029	2	2	2.4472081773264	1.6270010393199
S66	19	41705863	63799279	2	1	1.73622090509111	1.73622090509111
S66	20	164735	62377237	2	0	1.90584593159306	0.0180543968030861
S66	21	14520619	17010415	4	0	4.09637164081915	0
S66	21	17786898	30257099	4	1	4.20019641926721	0.886019210910144
S66	21	30786113	46901389	4	0	3.51058833841064	0.0184145454462442
S66	22	15702881	49348881	3	0	2.71043852009583	0.0127787749052602
S66	X	3012949	25343788	1	1	0.862859197118029	0.862859197118029
S66	X	26041140	153857056	2	1	1.90719296533726	0.921015287174828
