sample	chr	startpos	endpos	nMajor	nMinor
S68	1	1695590	54010647	1	1
S68	1	54111818	64036340	2	1
S68	1	64307493	152793135	1	1
S68	1	152925822	163869885	2	1
S68	1	164459433	222941562	3	1
S68	1	223107660	224812350	1	0
S68	1	224990327	244820741	1	1
S68	2	385195	242780855	1	1
S68	3	454266	199235521	1	1
S68	4	414252	191263213	1	1
S68	5	221026	180687718	1	1
S68	6	589264	170846968	1	1
S68	7	762569	158366850	1	1
S68	8	454511	43154337	1	0
S68	8	43532141	146131735	2	1
S68	9	366796	138220001	1	1
S68	10	441623	135322142	1	1
S68	11	277365	134111350	1	1
S68	12	454504	48665997	1	1
S68	12	48824754	51772883	1	0
S68	12	51802145	120923466	1	1
S68	12	121173417	132332384	1	0
S68	13	19081795	114104177	1	1
S68	14	19754864	106411893	1	1
S68	15	20586064	100051875	1	1
S68	16	121689	35095133	3	1
S68	16	45432643	50192406	1	1
S68	16	50664994	88687508	1	0
S68	17	460780	78515017	1	1
S68	18	358577	76039506	1	1
S68	19	368413	63799279	1	1
S68	20	164735	62377237	1	1
S68	21	14520619	46901389	1	1
S68	22	15702881	32643960	1	1
S68	22	33529777	49348881	1	0
S68	X	3012949	153857056	1	1
