sample	chr	startpos	endpos	nMajor	nMinor	nAraw	nBraw
S69	1	1695590	31101268	2	1	1.81977341003873	0.940810659923982
S69	1	31485480	120138178	2	2	1.9224717412399	1.9224717412399
S69	1	143133910	244820741	2	2	1.91616984980685	1.91616984980685
S69	2	385195	89085270	2	1	1.58102267274733	1.58102267274733
S69	2	95309606	194847746	2	1	1.65753032368447	1.65753032368447
S69	2	195360606	242780855	2	1	1.84756664418805	1.28195884054577
S69	3	454266	90173040	2	1	1.61937524003268	1.61937524003268
S69	3	95530694	199235521	2	1	1.60364730792984	1.60364730792984
S69	4	414252	191263213	2	1	1.77258905217794	1.10849539531535
S69	5	221026	44132810	2	2	1.84135399218316	1.84135399218316
S69	5	44491810	180687718	2	1	1.63276584262555	1.63276584262555
S69	6	589264	35080648	2	1	1.73929782886532	1.73929782886532
S69	6	35221982	39828913	2	1	1.73791546852238	1.05464896652438
S69	6	39913162	75740097	2	1	1.62709975247718	1.62709975247718
S69	6	75952686	170846968	2	1	1.85653208112613	1.03399883168307
S69	7	762569	11499778	2	1	1.78073854910684	0.982227302657372
S69	7	12110727	41534471	2	2	1.82476502287337	1.82476502287337
S69	7	42423124	62349902	2	1	1.79983735773701	0.9040134781311
S69	7	63339940	158366850	2	1	1.69281282910544	1.69281282910544
S69	8	454511	37266369	2	1	1.70194716059546	0.918629465708796
S69	8	37726545	146131735	2	2	1.94113999014896	1.94113999014896
S69	9	366796	38780565	2	1	1.47632814053569	1.47632814053569
S69	9	68635876	138220001	2	1	1.40029630013024	1.40029630013024
S69	10	441623	135322142	2	1	1.36516591039418	1.36516591039418
S69	11	277365	51362713	2	1	1.83144476685953	0.928637022691051
S69	11	55402636	61285066	2	1	1.72939320322733	1.72939320322733
S69	11	61319097	65924820	2	1	1.86950809061822	0.986241644878015
S69	11	66105758	75201807	2	2	1.87243454216532	1.87243454216532
S69	11	75415926	134111350	2	1	1.80537836008053	0.935359036742872
S69	12	454504	132332384	2	2	1.78552176366449	1.78552176366449
S69	13	19081795	90942307	2	1	1.68713383719181	0.878879476134111
S69	13	91480775	99782241	3	1	2.59297654207953	0.994393020884937
S69	13	99849013	114104177	2	1	1.65359759139827	0.924862239270929
S69	14	19754864	55204097	2	1	1.73929240008551	1.73929240008551
S69	14	55669223	106411893	2	1	1.69783872498287	1.10805020107283
S69	15	20586064	100051875	2	1	1.70010694528564	1.70010694528564
S69	16	121689	35095133	2	2	1.80069329676075	1.80069329676075
S69	16	45432643	88687508	2	2	1.75554784382984	1.75554784382984
S69	17	460780	44345800	2	1	1.82542558495303	0.909808822022227
S69	17	44391521	46891890	2	2	2.21992382311163	1.64745805964175
S69	17	47210840	78515017	2	1	1.71989974801799	0.911147267595755
S69	18	358577	25454100	2	1	1.84998758337432	0.882728628881592
S69	18	25976499	40668527	2	1	1.51423006410627	0.893002218394743
S69	18	40963325	76039506	2	1	1.6154291352973	1.6154291352973
S69	19	368413	24282001	2	1	1.67688434385812	1.67688434385812
S69	19	33214296	63799279	2	1	1.66747956152657	1.66747956152657
S69	20	164735	62377237	2	1	1.73810583990431	1.73810583990431
S69	21	14520619	46901389	2	2	1.82109468336551	1.82109468336551
S69	22	15702881	49348881	2	1	1.85272458935039	1.21909150014315
S69	X	3012949	32676064	3	2	2.98879046742865	1.73147683880229
S69	X	33418645	153857056	2	2	1.78220606364415	1.78220606364415
