sample	chr	startpos	endpos	nMajor	nMinor	nAraw	nBraw
S7	1	1695590	53586221	2	2	1.99964665938812	1.99964665938812
S7	1	53750973	67134403	4	2	3.81247687238778	1.84760900975551
S7	1	67279725	116976886	2	0	1.92692191115844	0
S7	1	117218285	120138178	2	2	1.89402297783594	1.89402297783594
S7	1	143133910	172988008	2	2	1.89090558541728	1.89090558541728
S7	1	173357413	195468947	4	2	4.25122703682355	1.90307401815456
S7	1	196510939	211643355	2	1	2.14484212817998	1.01353641322957
S7	1	211934965	244820741	2	2	1.95504631136751	1.95504631136751
S7	2	385195	25923313	3	0	3.23345628964864	0.0140451305704081
S7	2	26196939	29470885	5	0	4.92664363802782	0
S7	2	29528818	53461753	3	0	2.80000659706813	0.0198883152765697
S7	2	53931056	71793008	4	0	3.78315833857507	0.0119820769572147
S7	2	71916637	89085270	2	0	2.06148940784382	0.0250449101911183
S7	2	95309606	148545071	2	0	1.85432420643401	0
S7	2	149214085	242780855	3	0	2.9895983472692	0.0214392843143586
S7	3	454266	12601093	3	0	3.29971680793814	0.0424673152199616
S7	3	12723726	21978919	5	0	5.34425837921338	0.149867073285789
S7	3	22670553	90173040	2	0	2.01246360844233	0.000783258758191611
S7	3	95530694	146592062	2	1	2.02561658747534	0.921569132947809
S7	3	147117570	160489001	2	0	2.33051790252922	0
S7	3	160851535	199235521	5	0	4.61811884471052	0.0286654306356567
S7	4	414252	2082819	1	0	1.08102193586561	0.105303827702578
S7	4	2133720	15804782	1	1	1.00954923071109	1.00954923071109
S7	4	16117507	25864716	1	0	0.655649232880462	0.100151991312025
S7	4	26110950	48731545	1	1	0.923833796963125	0.923833796963125
S7	4	52730175	82451796	2	2	2.07133866982563	2.07133866982563
S7	4	82778021	122788540	3	0	3.24236294739961	0
S7	4	123055886	191263213	2	0	1.93208065734315	0
S7	5	221026	180687718	2	0	1.92154334495835	0
S7	6	589264	67981398	2	2	2.08245839481089	2.08245839481089
S7	6	68707012	80210066	2	1	1.69861517435122	0.592999392012975
S7	6	80512056	99768660	3	3	2.78803933418879	2.78803933418879
S7	6	99974682	159461694	3	0	3.02435367208524	0
S7	6	159691347	170846968	2	0	1.86856947747948	0
S7	7	762569	38329283	2	0	1.94335027446872	0
S7	7	38538207	70644975	2	2	1.91349856894054	1.91349856894054
S7	7	70906090	89631238	2	1	2.01928974325803	0.812712313785227
S7	7	89789933	97500965	1	1	0.859994881286715	0.859994881286715
S7	7	97709816	116963104	2	1	2.36258786843601	1.14132342663393
S7	7	117084920	142667856	4	1	3.99412999857889	0.932464669254084
S7	7	143161555	158366850	4	0	3.58909109828235	0.0425803501719631
S7	8	454511	8994172	4	0	4.0076658617395	0.0141414321822107
S7	8	9019126	11749262	2	0	1.97582587642198	0.109033408253626
S7	8	11760830	23252556	2	2	2.04323500455164	2.04323500455164
S7	8	23357236	91266564	2	1	1.99711409917785	0.909758379560276
S7	8	91806179	118109659	3	1	3.16956775660483	1.16338302426236
S7	8	118418177	127655860	2	1	1.73921267965744	1.73921267965744
S7	8	128188995	144034736	4	2	3.70087577019652	1.91864453959224
S7	8	144247657	146131735	2	1	1.68667018200312	1.68667018200312
S7	9	366796	30335783	1	1	1.02726951878774	1.02726951878774
S7	9	31055815	36693747	2	1	2.1731004838589	1.11303658661322
S7	9	37066192	38780565	1	1	1.07933454614416	1.07933454614416
S7	9	68635876	96160904	4	1	3.99404326646219	1.19835324633058
S7	9	96431178	117950291	1	1	1.07658595343218	1.07658595343218
S7	9	118660852	138220001	4	0	3.77007727960322	0.0384369691393577
S7	10	441623	11372550	3	2	2.30021296165201	2.30021296165201
S7	10	11402214	28769699	4	2	3.95111163172469	2.22056523228702
S7	10	29224890	57841450	2	2	1.9992379582036	1.9992379582036
S7	10	58432184	86008928	2	1	1.37578090165481	1.37578090165481
S7	10	86060633	98882189	2	0	1.80940263359199	0.026465264876415
S7	10	99060994	120980363	3	0	2.58312147515252	0
S7	10	120994482	134391086	2	1	2.06185451501522	0.974297812113432
S7	10	134597671	135322142	1	1	0.776306679355397	0.776306679355397
S7	11	277365	26504945	2	0	2.08498421443332	0.0395727036851773
S7	11	26582446	47568999	5	0	5.00609529146475	0.00405974460736881
S7	11	47719265	65066461	2	0	2.1367979321764	0.0431888005361111
S7	11	65117749	124895604	2	1	1.99417271570227	0.960762499522073
S7	11	125075859	134111350	2	2	1.97383871778021	1.97383871778021
S7	12	454504	40277738	2	2	2.13006668224255	2.13006668224255
S7	12	40500892	56129709	2	0	1.95114778875073	0.0031118091642135
S7	12	56140621	110508015	2	1	2.09804788155194	0.909936208870341
S7	12	110637475	120692767	3	0	3.07353963764129	0.132604157763897
S7	12	120831234	124614748	3	1	2.962865397516	0.975577246298061
S7	12	124998331	132332384	2	0	1.84495851871496	0
S7	13	19081795	35700755	2	1	1.46159390643944	1.46159390643944
S7	13	35937426	81108100	1	0	0.828704414662917	0
S7	13	81881395	114104177	3	0	3.28501910731824	0.0429808260666374
S7	14	19754864	54637863	2	2	1.93147096599828	1.93147096599828
S7	14	54803141	106411893	2	0	2.10066773376162	0
S7	15	20586064	33571769	2	2	2.02804987236215	2.02804987236215
S7	15	34086142	36805740	2	0	1.86276129927813	0.0269576349713194
S7	15	37149002	42463309	4	0	3.87754195040677	0.0916105082445486
S7	15	42888008	68282687	2	0	1.86801024819884	0
S7	15	68757927	95169661	3	2	2.38170594382265	2.38170594382265
S7	15	95910808	100051875	4	2	4.48455238835514	1.94153306663874
S7	16	121689	12468592	5	0	5.34535142190178	0
S7	16	13191280	35095133	4	0	3.56398490381317	0.0682764200222696
S7	16	45432643	79083906	2	0	1.97118411456548	0.00917025489532629
S7	16	79347432	80687846	4	0	4.35570691409412	0.170017043603869
S7	16	80984579	88687508	2	0	2.26953648879679	0.072474527368859
S7	17	460780	2993484	5	0	4.6615838616056	0.0653216572620248
S7	17	3097184	21189340	2	0	1.92497191429006	0
S7	17	22452973	61172218	3	0	2.91723687235204	0.0383505567357216
S7	17	61592772	78515017	4	0	4.48829543339976	0.0123149261729045
S7	18	358577	23441045	2	1	1.91378355215122	0.997989976173732
S7	18	23832866	30708836	4	2	4.20511357281394	1.93899418624483
S7	18	31024314	76039506	4	0	3.96932090605193	0
S7	19	368413	5251032	2	0	2.01475907450154	0.0723482807368496
S7	19	5455689	24282001	2	1	2.00147026395533	0.933167273269737
S7	19	33214296	54060414	3	2	2.34021995801544	2.34021995801544
S7	19	54141946	63799279	2	0	2.1723334997823	0.109084948734812
S7	20	164735	10607515	2	1	1.96572354453803	0.80209157745298
S7	20	10761728	25501936	2	2	2.10104649024135	2.10104649024135
S7	20	29512622	52071375	2	0	1.99726308120025	0.0415891352408577
S7	20	52517165	62377237	4	0	3.84481695404279	0.0428626940046139
S7	21	14520619	46901389	2	0	1.92627542301884	0
S7	22	15702881	39242532	2	1	1.67074869381336	1.67074869381336
S7	22	39502376	49348881	2	0	1.84352199808949	0.0226190830027034
S7	X	3012949	153857056	2	0	1.93457339608096	0.000615746666338648
