sample	chr	startpos	endpos	nMajor	nMinor
S70	1	1695590	41249164	2	0
S70	1	41616376	45194841	2	2
S70	1	45223904	59348021	2	0
S70	1	59731603	72974686	2	1
S70	1	73365163	120138178	2	0
S70	1	143133910	244820741	2	1
S70	2	385195	242780855	1	1
S70	3	454266	135134784	1	0
S70	3	135400228	147398959	1	1
S70	3	147480674	161712604	4	1
S70	3	162225868	181123983	5	1
S70	3	181614420	191640804	1	0
S70	3	191866821	199235521	1	1
S70	4	414252	191263213	1	1
S70	5	221026	65991704	1	1
S70	5	66122000	113892945	1	0
S70	5	114074898	180687718	1	1
S70	6	589264	170846968	1	1
S70	7	762569	158366850	2	1
S70	8	454511	58943180	1	0
S70	8	59570233	65436694	4	2
S70	8	65999648	87595060	2	2
S70	8	87607001	101371633	2	1
S70	8	101480952	119570072	2	2
S70	8	119936021	131290689	4	2
S70	8	131359610	146131735	2	1
S70	9	366796	138220001	1	0
S70	10	441623	135322142	1	1
S70	11	277365	5775047	1	0
S70	11	5894923	14574217	2	0
S70	11	14815050	63676696	1	0
S70	11	63889276	73780937	2	0
S70	11	74031997	109506772	2	1
S70	11	109720013	134111350	1	0
S70	12	454504	132332384	1	1
S70	13	19081795	114104177	1	0
S70	14	19754864	106411893	1	0
S70	15	20586064	100051875	1	1
S70	16	121689	88687508	1	1
S70	17	460780	30745364	1	0
S70	17	30976896	35475748	5	1
S70	17	35991186	78515017	1	0
S70	18	358577	76039506	1	0
S70	19	368413	45690941	1	0
S70	19	45844975	63799279	1	1
S70	20	164735	62377237	1	1
S70	21	14520619	46901389	1	1
S70	22	15702881	35898803	1	0
S70	22	35947888	39062390	5	1
S70	22	39242532	49348881	1	0
S70	X	3012949	41048465	1	0
S70	X	41612069	57073671	2	1
S70	X	57304341	74566298	1	1
S70	X	75219182	153857056	1	0
