sample	chr	startpos	endpos	nMajor	nMinor	nAraw	nBraw
S71	1	1695590	120138178	2	2	1.7837410618531	1.7837410618531
S71	1	143133910	195468947	4	1	3.58766646754167	0.916154453904315
S71	1	196510939	202556932	2	1	1.4584166279974	1.4584166279974
S71	1	202634803	217444208	5	1	5.24719083555528	1.13555897996827
S71	1	217758995	226744208	2	1	1.3859217416121	1.3859217416121
S71	1	226750719	244820741	4	1	3.6271911880289	1.35631665103236
S71	2	385195	30936480	3	2	2.64265813385468	2.64265813385468
S71	2	31159113	44743782	3	1	2.65352164511208	1.01919492661248
S71	2	45192478	89085270	3	2	2.30591582785595	2.30591582785595
S71	2	95309606	242780855	2	2	2.02826411380127	2.02826411380127
S71	3	454266	90173040	1	1	1.17391036517998	1.17391036517998
S71	3	95530694	199235521	2	2	2.07290389814509	2.07290389814509
S71	4	414252	191263213	2	1	1.25321903679982	1.25321903679982
S71	5	221026	93193986	2	2	1.98578057073537	1.98578057073537
S71	5	93536295	143522523	2	0	2.23264579339903	0
S71	5	143873235	180687718	3	2	2.39031091031545	2.39031091031545
S71	6	589264	2712136	4	2	3.90399484037728	1.90900325789783
S71	6	2867190	170846968	2	2	1.87463908834801	1.87463908834801
S71	7	762569	20531029	2	0	2.27602365261534	0
S71	7	21370065	158366850	3	2	2.39519074623902	2.39519074623902
S71	8	454511	146131735	2	2	1.89654213038945	1.89654213038945
S71	9	366796	38780565	2	2	1.8059477979822	1.8059477979822
S71	9	68635876	138220001	2	1	1.68885188850235	1.68885188850235
S71	10	441623	76004428	2	1	1.72297223565591	1.72297223565591
S71	10	76430942	135322142	2	0	2.39549617537964	0.065326350297909
S71	11	277365	134111350	3	0	2.5831671395291	0.0270738022243144
S71	12	454504	71098058	2	1	1.25270058749453	1.25270058749453
S71	12	71222679	132332384	2	2	1.85690728257416	1.85690728257416
S71	13	19081795	114104177	2	0	2.46047063888302	0.00405697394845361
S71	14	19754864	69891284	3	2	2.34680786968299	2.34680786968299
S71	14	70109900	106411893	2	1	1.62295484514415	1.62295484514415
S71	15	20586064	100051875	2	0	2.48369449660814	0.0287492057290034
S71	16	121689	35095133	2	2	2.00911402291971	2.00911402291971
S71	16	45432643	63614908	3	2	2.29184446724741	2.29184446724741
S71	16	64044294	88687508	2	0	2.38308714485664	0.0319747113182689
S71	17	460780	19691029	1	0	1.16699295908723	0
S71	17	19861646	78515017	1	1	1.10770840859044	1.10770840859044
S71	18	358577	76039506	3	0	2.61897184052976	0.0428152203112792
S71	19	368413	24282001	2	2	2.16791274960994	1.63835861263831
S71	19	33214296	63799279	2	2	1.92843896282599	1.92843896282599
S71	20	164735	29512622	2	2	1.76213813308446	1.76213813308446
S71	20	29841134	62377237	3	1	3.35891955851466	1.09588209759883
S71	21	14520619	46901389	3	2	2.29132244609478	2.29132244609478
S71	22	15702881	49348881	2	1	1.49670413856686	1.49670413856686
S71	X	3012949	153857056	3	2	2.38307678999235	2.38307678999235
