sample	chr	startpos	endpos	nMajor	nMinor
S73	1	1695590	244820741	1	1
S73	2	385195	242780855	1	1
S73	3	454266	199235521	1	1
S73	4	414252	46882660	1	0
S73	4	47264802	191263213	1	1
S73	5	221026	180687718	1	1
S73	6	589264	47139170	1	1
S73	6	47442420	170846968	1	0
S73	7	762569	86646782	1	1
S73	7	86710393	144094628	1	0
S73	7	144441609	150473030	2	1
S73	7	150561773	158366850	1	1
S73	8	454511	37266369	1	0
S73	8	37726545	146131735	1	1
S73	9	366796	8628072	1	1
S73	9	8897214	38780565	1	0
S73	9	68635876	98870693	1	1
S73	9	98997072	110753298	1	0
S73	9	111484448	138220001	1	1
S73	10	441623	135322142	1	1
S73	11	277365	44285524	1	0
S73	11	44325477	90985818	1	1
S73	11	91407526	129324063	1	0
S73	11	129524866	134111350	2	1
S73	12	454504	3561865	2	1
S73	12	3687010	21694670	1	0
S73	12	21917235	26773956	3	1
S73	12	26969151	132332384	1	1
S73	13	19081795	114104177	1	0
S73	14	19754864	106411893	1	1
S73	15	20586064	100051875	1	1
S73	16	121689	88687508	1	1
S73	17	460780	46030112	1	0
S73	17	46130607	59659254	5	2
S73	17	59846550	78515017	2	0
S73	18	358577	76039506	1	0
S73	19	368413	19111022	2	1
S73	19	19228998	24282001	2	2
S73	19	33214296	63799279	2	1
S73	20	164735	46422993	1	1
S73	20	46867406	62377237	2	1
S73	21	14520619	46901389	1	1
S73	22	15702881	49348881	1	1
S73	X	3012949	73945692	2	1
S73	X	74231397	147829310	1	0
S73	X	148154533	153857056	2	1
