sample	chr	startpos	endpos	nMajor	nMinor
S75	1	1695590	31975215	1	0
S75	1	32295318	217758995	1	1
S75	1	218091329	244820741	3	1
S75	2	385195	242780855	1	1
S75	3	454266	64829641	1	0
S75	3	65237796	199235521	1	1
S75	4	414252	155083500	1	0
S75	4	155214847	191263213	2	0
S75	5	221026	49634064	1	1
S75	5	50175874	180687718	1	0
S75	6	589264	8766058	1	0
S75	6	8994399	45984156	2	2
S75	6	46230612	137481385	2	1
S75	6	137806541	170846968	1	0
S75	7	762569	13848045	1	0
S75	7	14280148	24525803	1	1
S75	7	25043097	42423124	1	0
S75	7	43176653	81384912	1	1
S75	7	81415146	118474419	2	1
S75	7	119052606	158366850	2	0
S75	8	454511	62717801	1	1
S75	8	63045503	135745334	3	1
S75	8	135994460	146131735	2	1
S75	9	366796	38780565	1	1
S75	9	68635876	84793438	1	0
S75	9	85112903	126738786	2	1
S75	9	126996084	138220001	1	0
S75	10	441623	135322142	1	1
S75	11	277365	101422517	1	1
S75	11	101792853	134111350	1	0
S75	12	454504	49848174	1	0
S75	12	50096746	132332384	1	1
S75	13	19081795	33023396	1	1
S75	13	33520618	50527479	1	0
S75	13	50875725	114104177	1	1
S75	14	19754864	106411893	1	0
S75	15	20586064	62257409	1	0
S75	15	62616931	100051875	2	0
S75	16	121689	35095133	1	0
S75	16	45432643	74913448	2	1
S75	16	75172214	88687508	1	0
S75	17	460780	69270401	1	0
S75	17	69602928	78515017	2	0
S75	18	358577	76039506	1	1
S75	19	368413	63799279	1	1
S75	20	164735	62377237	1	1
S75	21	14520619	46901389	1	1
S75	22	15702881	49348881	1	1
S75	X	3012949	62171465	1	1
S75	X	63356856	132242518	1	0
S75	X	132739766	153857056	2	1
