sample	chr	startpos	endpos	nMajor	nMinor	nAraw	nBraw
S76	1	1695590	51260672	1	1	0.956147881744845	0.956147881744845
S76	1	51778369	120138178	1	1	1.10089909990515	1.10089909990515
S76	1	143133910	244820741	1	1	1.06029521147118	1.06029521147118
S76	2	385195	89085270	1	1	1.03559373019987	1.03559373019987
S76	2	95309606	242780855	1	1	1.05996385350003	1.05996385350003
S76	3	454266	90173040	1	1	1.05050588160516	1.05050588160516
S76	3	95530694	199235521	1	1	1.0696660799088	1.0696660799088
S76	4	414252	191263213	1	1	1.06629986263977	1.06629986263977
S76	5	221026	180687718	1	1	1.05809043674293	1.05809043674293
S76	6	589264	170846968	1	1	1.05601276883463	1.05601276883463
S76	7	762569	158366850	1	1	0.999777216322942	0.999777216322942
S76	8	454511	36893054	1	0	1.04913916889252	0.0130816302817902
S76	8	37266369	146131735	2	1	2.14771234799752	1.02403917098779
S76	9	366796	38780565	1	1	0.981806571070425	0.981806571070425
S76	9	68635876	138220001	1	1	0.941363398970393	0.941363398970393
S76	10	441623	135322142	1	1	1.04840156308325	1.04840156308325
S76	11	277365	68886359	2	1	1.97049999738287	0.964564492582692
S76	11	69253295	82991611	10	1	9.77384446032606	0.649345713411267
S76	11	83253205	134111350	1	0	1.0573916424738	0.0150791069164196
S76	12	454504	132332384	1	1	1.02252968132476	1.02252968132476
S76	13	19081795	114104177	1	1	1.19900437923694	1.19900437923694
S76	14	19754864	106411893	1	1	1.04142995381105	1.04142995381105
S76	15	20586064	100051875	1	1	1.01118216830917	1.01118216830917
S76	16	121689	35095133	1	1	1.05631638963706	1.05631638963706
S76	16	45432643	88687508	1	0	1.03995812672759	0.0176340923643567
S76	17	460780	78515017	1	1	0.946470904723008	0.946470904723008
S76	18	358577	76039506	1	1	1.12889016663563	1.12889016663563
S76	19	368413	24282001	1	1	0.873285886736715	0.873285886736715
S76	19	33214296	63799279	1	1	0.886696690223445	0.886696690223445
S76	20	164735	62377237	1	1	1.24468405766123	1.24468405766123
S76	21	14520619	46901389	1	1	1.06536894844919	1.06536894844919
S76	22	15702881	49348881	1	1	0.939240052445911	0.939240052445911
S76	X	3012949	153857056	1	1	1.0507846550137	1.0507846550137
