sample	chr	startpos	endpos	nMajor	nMinor
S78	1	1695590	46891745	1	1
S78	1	46998149	86238838	1	0
S78	1	86420941	101612121	2	1
S78	1	102144321	120138178	1	0
S78	1	143133910	170398071	3	1
S78	1	170511347	216556604	1	1
S78	1	216691528	244820741	2	1
S78	2	385195	28122190	1	1
S78	2	28752221	74566773	2	1
S78	2	74607025	89085270	1	1
S78	2	95309606	131612611	1	0
S78	2	133045567	201917747	1	1
S78	2	202006207	218232413	1	0
S78	2	218480783	224033613	1	1
S78	2	224534631	242780855	1	0
S78	3	454266	16377422	2	0
S78	3	16385269	90173040	1	0
S78	3	95530694	150373402	1	1
S78	3	150460915	161712604	2	1
S78	3	162225868	176824402	4	2
S78	3	177313126	191160908	2	1
S78	3	191244310	199235521	1	0
S78	4	414252	48731545	1	0
S78	4	52730175	77525402	2	1
S78	4	77734363	119685795	1	0
S78	4	120027547	191263213	2	0
S78	5	221026	54780300	1	1
S78	5	54942649	115943724	1	0
S78	5	116359598	180687718	2	0
S78	6	589264	26596515	2	1
S78	6	26790108	86336053	1	1
S78	6	86955457	144603891	2	1
S78	6	145065973	170846968	1	0
S78	7	762569	31257012	2	1
S78	7	31585950	139227014	1	1
S78	7	139540573	158366850	2	0
S78	8	454511	43532141	1	0
S78	8	47437428	70381461	1	1
S78	8	70692734	92040162	1	0
S78	8	92249779	146131735	3	0
S78	9	366796	124381536	1	1
S78	9	124618882	138220001	1	0
S78	10	441623	34692852	2	1
S78	10	35092625	83059448	1	1
S78	10	83694734	135322142	2	0
S78	11	277365	80594627	1	1
S78	11	80918177	98381859	1	0
S78	11	98968373	123750666	1	1
S78	11	124134635	134111350	1	0
S78	12	454504	9332786	1	1
S78	12	9618587	22264245	3	1
S78	12	22565451	40500892	2	1
S78	12	41205671	132332384	1	0
S78	13	19081795	41331883	1	1
S78	13	41626664	84921891	1	0
S78	13	85905238	114104177	1	1
S78	14	19754864	46443485	1	1
S78	14	46854057	69891284	1	0
S78	14	70109900	78543615	1	1
S78	14	78979770	106411893	1	0
S78	15	20586064	64445517	1	0
S78	15	64664761	72565567	2	1
S78	15	72744671	100051875	1	1
S78	16	121689	88687508	1	1
S78	17	460780	26957258	1	0
S78	17	27191243	78515017	2	0
S78	18	358577	41922804	1	1
S78	18	42142998	76039506	1	0
S78	19	368413	5630107	1	0
S78	19	5786104	63799279	1	1
S78	20	164735	25259344	1	0
S78	20	25280132	62377237	1	1
S78	21	14520619	28756993	1	1
S78	21	29206500	42647484	1	0
S78	21	42799669	46901389	1	1
S78	22	15702881	49348881	1	1
S78	X	3012949	153857056	1	0
