sample	chr	startpos	endpos	nMajor	nMinor	nAraw	nBraw
S8	1	1695590	52045366	3	1	3.03152962134385	1.01100507021888
S8	1	52545400	120138178	2	1	1.50245981963336	1.50245981963336
S8	1	143133910	183764314	3	2	2.66675667377639	2.66675667377639
S8	1	184548746	234029015	4	4	3.75639847773833	3.75639847773833
S8	1	234125101	244820741	4	2	3.77717006085569	1.61077588263333
S8	2	385195	89085270	2	2	2.0104256710595	2.0104256710595
S8	2	95309606	111327291	2	1	1.52491745270026	1.52491745270026
S8	2	111765252	119455029	2	1	2.24573253438669	1.11359538724949
S8	2	119782446	178733171	1	1	0.974641529229646	0.974641529229646
S8	2	179090575	242780855	2	1	1.47704752728913	1.47704752728913
S8	3	454266	90173040	2	1	1.6567026223584	1.6567026223584
S8	3	95530694	199235521	2	2	2.09486537824891	2.09486537824891
S8	4	414252	63778240	2	1	1.65004339056193	1.65004339056193
S8	4	65049840	191263213	2	0	1.89609370661643	0
S8	5	221026	46407460	5	1	5.09709964253662	1.11466538823024
S8	5	49634064	101106925	2	1	2.11079824836954	0.676900448997625
S8	5	101710440	180687718	1	1	1.09529042864265	1.09529042864265
S8	6	589264	29185474	2	1	1.60919538158848	1.60919538158848
S8	6	29499892	38486380	3	1	3.08837835075044	1.17699220571714
S8	6	38662365	71860505	2	1	1.54875922544167	1.54875922544167
S8	6	72493818	170846968	2	0	1.86160503124757	0
S8	7	762569	136540281	2	2	1.94286651984537	1.94286651984537
S8	7	136680511	158366850	3	1	2.96371161894094	0.988681671028971
S8	8	454511	5527091	3	1	3.36594420692564	0.941656679828914
S8	8	6017983	28310315	1	1	0.983205971611819	0.983205971611819
S8	8	28552394	43154337	4	1	4.41310614447889	1.03271993853733
S8	8	43532141	146131735	6	2	5.59201156662424	1.99955363244875
S8	9	366796	38780565	1	1	1.01099335937033	1.01099335937033
S8	9	68635876	122172004	1	1	1.17867895235861	1.17867895235861
S8	9	122331149	127360033	3	2	3.4025026033548	1.69321152437292
S8	9	127500978	138220001	2	1	1.65640486881836	1.0433832270256
S8	10	441623	135322142	2	1	1.65543600562657	1.65543600562657
S8	11	277365	47719265	1	1	1.12603395540238	1.12603395540238
S8	11	47882076	80594627	3	2	2.41429193242342	2.41429193242342
S8	11	80918177	112314766	2	0	1.91953793149079	0
S8	11	112669852	134111350	3	0	2.52310343975019	0.360982587219382
S8	12	454504	6837089	2	2	2.16679653508659	2.16679653508659
S8	12	6987448	22064718	3	1	2.73435752664594	0.821032497169886
S8	12	22264245	61128598	2	1	1.69579168106911	1.69579168106911
S8	12	61337500	75580771	3	1	3.46471502576127	1.20161029573073
S8	12	75910098	132332384	1	1	1.24316097761213	1.24316097761213
S8	13	19081795	114104177	2	1	1.43942630430426	1.43942630430426
S8	14	19754864	106411893	2	1	1.50894656239675	1.50894656239675
S8	15	20586064	41404442	2	2	1.99385953500319	1.99385953500319
S8	15	41569958	100051875	3	1	3.02830984333207	1.0217681814965
S8	16	121689	35095133	3	2	2.25129582246989	2.25129582246989
S8	16	45432643	88687508	2	1	1.55535071407816	1.55535071407816
S8	17	460780	32890763	2	0	2.0269328681068	0.0720520051167862
S8	17	33297958	36140187	8	2	8.37703951389358	1.55922760328357
S8	17	36220236	42321764	3	0	2.89991766372159	0.0747615222322861
S8	17	42693870	78515017	2	2	1.99142159495112	1.99142159495112
S8	18	358577	76039506	2	1	1.48313080901136	1.48313080901136
S8	19	368413	10310112	2	0	1.91161136902936	0.183377569444222
S8	19	10523287	19111022	3	2	2.47246600995156	2.47246600995156
S8	19	19228998	24282001	2	0	2.30466840827576	0.145271981284486
S8	19	33214296	63799279	2	0	2.0341972770676	0.135551444605573
S8	20	164735	62377237	2	2	2.11337370446725	2.11337370446725
S8	21	14520619	34574541	2	1	1.45658660299904	1.45658660299904
S8	21	34850369	46901389	3	2	2.64414394396181	2.64414394396181
S8	22	15702881	49348881	1	1	1.14236153212454	1.14236153212454
S8	X	3012949	64076669	2	1	1.6159578066626	1.6159578066626
S8	X	65018236	153857056	2	2	2.17879156559728	2.17879156559728
