sample	chr	startpos	endpos	nMajor	nMinor	nAraw	nBraw
S81	1	1695590	120138178	1	1	1.47509259386107	0.610603820312988
S81	1	143133910	244820741	5	1	5.15934015630772	1.3365340671535
S81	2	385195	89085270	2	1	2.02829253968344	0.951339378909211
S81	2	95309606	242780855	2	1	2.04787005289312	0.898274876727596
S81	3	454266	90173040	3	1	2.92217622982229	0.98156806532871
S81	3	95530694	199235521	3	1	2.98627765717794	1.03457530191458
S81	4	414252	191263213	1	1	1.22304685858803	1.22304685858803
S81	5	221026	180687718	2	2	2.11017193012506	2.11017193012506
S81	6	589264	170846968	2	1	2.10336561634295	0.997762498734331
S81	7	762569	158366850	2	1	2.06222606328734	0.99188812267823
S81	8	454511	29198762	2	0	1.77470047691141	0.0862619945777092
S81	8	29679033	37874187	2	0	2.26919762915666	0.395557688240575
S81	8	38220251	146131735	2	2	1.9798343523852	1.9798343523852
S81	9	366796	38780565	2	1	1.65868477086372	1.65868477086372
S81	9	68635876	138220001	2	1	1.63351516162171	1.63351516162171
S81	10	441623	135322142	3	0	2.65126997192063	0.0899666684791352
S81	11	277365	40962100	2	2	1.94385016906488	1.94385016906488
S81	11	41443564	55402636	5	2	5.02082179664368	2.19366186309213
S81	11	55652423	65202925	2	0	2.18668092596715	0.30434011361219
S81	11	65408863	68456472	6	2	5.52062719105418	1.84015232224953
S81	11	68663011	78120000	5	1	5.28263596498067	0.658122607792936
S81	11	78254829	134111350	2	0	2.05794272390088	0.130756964418349
S81	12	454504	132332384	3	1	2.69814409511122	1.02707280712904
S81	13	19081795	114104177	2	0	2.46811611729348	0.0912979206329728
S81	14	19754864	106411893	2	1	2.10078062675584	1.00388145978031
S81	15	20586064	100051875	2	1	2.10781950897167	1.01457826610363
S81	16	121689	35095133	4	2	4.2073808021171	1.78214325989798
S81	16	45432643	88687508	2	0	2.07248387719846	0.109005425670796
S81	17	460780	19244177	2	1	1.54787394569712	1.54787394569712
S81	17	19387320	78515017	3	2	2.33813182166459	2.33813182166459
S81	18	358577	76039506	2	2	2.08481331537206	2.08481331537206
S81	19	368413	24282001	2	1	2.18296244267237	0.969070475238376
S81	19	33214296	63799279	2	1	2.16134625273644	0.976173309573274
S81	20	164735	62377237	2	2	2.12735435946978	2.12735435946978
S81	21	14520619	46901389	3	2	2.36241571469907	2.36241571469907
S81	22	15702881	49348881	1	1	1.13863823594652	1.13863823594652
S81	X	3012949	153857056	2	0	2.05024417370836	0.0522857981486091
