sample	chr	startpos	endpos	nMajor	nMinor
S82	1	1695590	109065789	2	0
S82	1	109193674	244820741	2	2
S82	2	385195	89085270	3	1
S82	2	95309606	242780855	2	1
S82	3	454266	39597007	2	2
S82	3	39701973	77085647	2	0
S82	3	77760455	199235521	2	1
S82	4	414252	114303168	2	2
S82	4	114699935	176062468	2	1
S82	4	176115254	191263213	4	1
S82	5	221026	52486579	2	2
S82	5	52715833	180687718	2	1
S82	6	589264	26596515	3	1
S82	6	26790108	170846968	2	1
S82	7	762569	98110216	2	2
S82	7	98285100	158366850	2	1
S82	8	454511	36221141	1	0
S82	8	36893054	146131735	2	2
S82	9	366796	38780565	1	1
S82	9	68635876	138220001	2	0
S82	10	441623	38383512	2	2
S82	10	42351979	135322142	2	0
S82	11	277365	79848583	2	1
S82	11	80594627	134111350	1	1
S82	12	454504	30063461	2	1
S82	12	30637790	132332384	3	1
S82	13	19081795	32641248	2	1
S82	13	32793881	114104177	1	1
S82	14	19754864	33347854	2	1
S82	14	33431644	74095398	3	1
S82	14	74230965	106411893	1	1
S82	15	20586064	100051875	2	1
S82	16	121689	35095133	2	2
S82	16	45432643	88687508	2	0
S82	17	460780	10295367	2	0
S82	17	10504173	43489097	2	2
S82	17	43609219	61592772	3	1
S82	17	61943039	78515017	3	2
S82	18	358577	19680870	2	0
S82	18	19868067	76039506	2	1
S82	19	368413	24282001	2	1
S82	19	33214296	63799279	2	2
S82	20	164735	48934531	2	2
S82	20	49234712	62377237	4	2
S82	21	14520619	41726756	2	0
S82	21	42006159	46901389	2	2
S82	22	15702881	27864671	2	1
S82	22	28066106	49348881	2	0
S82	X	3012949	153857056	2	2
