sample	chr	startpos	endpos	nMajor	nMinor	nAraw	nBraw
S83	1	1695590	85983855	1	1	0.982904035633389	0.982904035633389
S83	1	86096261	117921666	1	0	1.00080840756717	0
S83	1	118329168	120138178	1	1	0.954121522182268	0.954121522182268
S83	1	143133910	244820741	1	1	1.00550753818255	1.00550753818255
S83	2	385195	89085270	1	1	0.996062366259079	0.996062366259079
S83	2	95309606	242780855	1	1	1.00000556970637	1.00000556970637
S83	3	454266	29807253	1	1	0.972768199633133	0.972768199633133
S83	3	30075112	82509234	1	0	0.989321832164131	0
S83	3	83819153	90173040	1	1	1.00299469685223	1.00299469685223
S83	3	95530694	199235521	1	1	1.00497666358549	1.00497666358549
S83	4	414252	4380104	2	1	1.68236298309002	0.831618076034778
S83	4	4435423	191263213	1	1	1.02157308482122	1.02157308482122
S83	5	221026	180687718	1	1	1.00817719128074	1.00817719128074
S83	6	589264	170846968	1	0	0.992037329867972	0
S83	7	762569	83491288	1	1	0.991304710569323	0.991304710569323
S83	7	84164670	158366850	1	0	0.98670497066208	0
S83	8	454511	95370520	1	1	1.04915684036255	1.04915684036255
S83	8	95691693	146131735	2	1	1.98564431428346	0.995036224318705
S83	9	366796	38780565	1	0	1.02597428033648	0
S83	9	68635876	138220001	2	0	1.5025908150253	0
S83	10	441623	135322142	1	1	0.992328988566165	0.992328988566165
S83	11	277365	82991611	1	1	0.977544498985827	0.977544498985827
S83	11	83253205	134111350	1	0	1.01349696198902	0
S83	12	454504	132332384	1	1	1.00141501083555	1.00141501083555
S83	13	19081795	114104177	1	0	0.855838763947775	0.106638870159922
S83	14	19754864	106411893	1	0	0.975608671297179	0
S83	15	20586064	100051875	1	0	0.988865719979538	0
S83	16	121689	35095133	1	1	0.916340382007242	0.916340382007242
S83	16	45432643	88687508	1	0	1.01197300792837	0
S83	17	460780	21189340	1	0	1.01180513830269	0.00547490590069829
S83	17	22452973	78515017	1	1	1.02726131021888	1.02726131021888
S83	18	358577	9138563	1	0	0.971071223013758	0
S83	18	9346901	76039506	1	1	1.01920644360316	1.01920644360316
S83	19	368413	24282001	1	1	0.892413474458385	0.892413474458385
S83	19	33214296	63799279	1	1	0.926629862642437	0.926629862642437
S83	20	164735	62377237	1	1	0.996428397786596	0.996428397786596
S83	21	14520619	46901389	1	1	1.01956768244892	1.01956768244892
S83	22	15702881	49348881	1	0	1.04462900940019	0
S83	X	3012949	153857056	1	1	0.917595311049024	0.917595311049024
