sample	chr	startpos	endpos	nMajor	nMinor	nAraw	nBraw
S85	1	1695590	60264708	1	1	0.918008589877127	0.918008589877127
S85	1	60306875	120138178	2	1	1.31720858102027	1.31720858102027
S85	1	143133910	244820741	2	1	1.63786346482922	1.63786346482922
S85	2	385195	89085270	1	1	1.14829518502931	1.14829518502931
S85	2	95309606	242780855	1	1	1.17317517504297	1.17317517504297
S85	3	454266	42179417	1	1	1.11342344653408	1.11342344653408
S85	3	42262903	90173040	1	0	1.3518275200261	0.0210366806168574
S85	3	95530694	199235521	1	1	1.22090017598645	1.22090017598645
S85	4	414252	17705609	1	1	1.06442941257051	1.06442941257051
S85	4	18286363	38607163	1	0	1.13268024262363	0
S85	4	38767194	52812187	3	1	2.50628684651069	1.25503766078995
S85	4	53394498	191263213	2	2	1.92482164011554	1.92482164011554
S85	5	221026	180687718	1	1	1.20375753876906	1.20375753876906
S85	6	589264	170846968	1	1	1.24330566467232	1.24330566467232
S85	7	762569	136680511	1	1	1.21533404097504	1.21533404097504
S85	7	136768028	158366850	2	0	2.22808620137217	0
S85	8	454511	61695089	1	0	1.36070027844183	0.267280473277854
S85	8	61996369	125907637	2	2	2.17714950984862	2.17714950984862
S85	8	126163988	146131735	2	0	2.23341044758981	0.0399308679480145
S85	9	366796	32485277	1	0	1.0918973633631	0
S85	9	32788581	38780565	2	1	1.26353710428213	1.26353710428213
S85	9	68635876	138220001	1	1	1.07870337213729	1.07870337213729
S85	10	441623	38383512	2	1	2.27586364753671	0.973237362342534
S85	10	42351979	135322142	1	1	1.18410874228816	1.18410874228816
S85	11	277365	115375659	1	1	1.13445818937565	1.13445818937565
S85	11	116170894	134111350	1	0	0.925314465715188	0
S85	12	454504	33079929	2	2	1.75357348745032	1.75357348745032
S85	12	33437900	55952403	2	0	2.38265969218096	0
S85	12	56129709	70505191	8	3	7.73272807649333	2.78651584154211
S85	12	70659093	84757586	3	2	2.97011389106726	1.78274850709461
S85	12	84911788	132332384	2	0	2.30533628308037	0
S85	13	19081795	102995011	2	1	1.27731192287768	1.27731192287768
S85	13	103520502	114104177	1	0	1.04492606702586	0.201629109104392
S85	14	19754864	50052734	2	1	1.49916007810035	1.49916007810035
S85	14	50298065	92264677	3	1	2.83636508761141	1.17907385300957
S85	14	92397573	106411893	2	1	1.66177337298658	1.66177337298658
S85	15	20586064	100051875	1	1	1.15177744926854	1.15177744926854
S85	16	121689	35095133	2	1	2.34407466763363	0.782445147451158
S85	16	45432643	88687508	1	1	1.03109800164186	1.03109800164186
S85	17	460780	43609219	2	0	1.72624127397632	0.234052156885457
S85	17	44044150	74257418	8	1	8.1218175586932	0.717587585718668
S85	17	74307535	78515017	1	0	0.639220029901704	0.639220029901704
S85	18	358577	76039506	1	1	1.23181751465354	1.23181751465354
S85	19	368413	24282001	2	0	2.01511359836398	0.204788096436938
S85	19	33214296	63799279	1	1	0.987936389100099	0.987936389100099
S85	20	164735	29512622	1	1	1.19291414459339	1.19291414459339
S85	20	29841134	62377237	3	1	3.18251555090819	0.797144539203307
S85	21	14520619	46901389	2	1	1.55610166161362	1.55610166161362
S85	22	15702881	49348881	1	1	1.0698980931554	1.0698980931554
S85	X	3012949	103001848	1	1	1.10754345542716	1.10754345542716
S85	X	103720130	153857056	2	1	2.46803564698554	0.966822283777646
