sample	chr	startpos	endpos	nMajor	nMinor
S86	1	1695590	154520652	1	1
S86	1	154662210	244820741	2	1
S86	2	385195	242780855	1	1
S86	3	454266	199235521	1	1
S86	4	414252	191263213	1	1
S86	5	221026	180687718	2	1
S86	6	589264	170846968	1	1
S86	7	762569	96078664	1	1
S86	7	96300875	158366850	1	0
S86	8	454511	146131735	1	1
S86	9	366796	138220001	1	1
S86	10	441623	135322142	1	1
S86	11	277365	88055710	1	1
S86	11	88605205	97300469	2	1
S86	11	97983436	134111350	1	0
S86	12	454504	132332384	1	1
S86	13	19081795	114104177	1	1
S86	14	19754864	106411893	1	1
S86	15	20586064	100051875	1	1
S86	16	121689	35095133	2	1
S86	16	45432643	88687508	1	0
S86	17	460780	78515017	1	1
S86	18	358577	76039506	1	1
S86	19	368413	63799279	1	1
S86	20	164735	62377237	1	1
S86	21	14520619	46901389	1	1
S86	22	15702881	49348881	1	1
S86	X	3012949	153857056	1	1
