sample	chr	startpos	endpos	nMajor	nMinor	nAraw	nBraw
S86	1	1695590	53750973	1	1	0.886154142069112	0.886154142069112
S86	1	54010647	120138178	1	1	1.06454696804756	1.06454696804756
S86	1	143133910	154520652	1	1	0.904839983777771	0.904839983777771
S86	1	154662210	244820741	2	1	1.97395226516328	1.03916261702019
S86	2	385195	89085270	1	1	1.00462476377732	1.00462476377732
S86	2	95309606	242780855	1	1	1.02640824862628	1.02640824862628
S86	3	454266	90173040	1	1	1.02106007694337	1.02106007694337
S86	3	95530694	199235521	1	1	1.02899706604454	1.02899706604454
S86	4	414252	191263213	1	1	1.00164431288816	1.00164431288816
S86	5	221026	180687718	2	1	1.46575955358343	1.46575955358343
S86	6	589264	170846968	1	1	0.998891707672289	0.998891707672289
S86	7	762569	96078664	1	1	0.963802041023651	0.963802041023651
S86	7	96300875	158366850	1	0	0.986543637999452	0.0296724464155951
S86	8	454511	146131735	1	1	1.02270310941849	1.02270310941849
S86	9	366796	38780565	1	1	0.983462422090413	0.983462422090413
S86	9	68635876	138220001	1	1	0.931180020470755	0.931180020470755
S86	10	441623	135322142	1	1	0.985588060115701	0.985588060115701
S86	11	277365	88055710	1	1	0.966949752353532	0.966949752353532
S86	11	88605205	97300469	2	1	2.08439412714119	0.928259781868962
S86	11	97983436	134111350	1	0	1.01148170558429	0.0279700206702453
S86	12	454504	132332384	1	1	0.972706834888653	0.972706834888653
S86	13	19081795	114104177	1	1	1.04619560264026	1.04619560264026
S86	14	19754864	106411893	1	1	0.993633499180587	0.993633499180587
S86	15	20586064	100051875	1	1	1.08046210142946	1.08046210142946
S86	16	121689	35095133	2	1	1.67672396790548	0.843127710332841
S86	16	45432643	88687508	1	0	0.942471134071291	0
S86	17	460780	78515017	1	1	0.916822979439798	0.916822979439798
S86	18	358577	76039506	1	1	1.00524720812937	1.00524720812937
S86	19	368413	24282001	1	1	0.863444220678116	0.863444220678116
S86	19	33214296	63799279	1	1	0.821892731061845	0.821892731061845
S86	20	164735	62377237	1	1	0.965146808430316	0.965146808430316
S86	21	14520619	46901389	1	1	0.990515593140259	0.990515593140259
S86	22	15702881	49348881	1	1	0.885857424055326	0.885857424055326
S86	X	3012949	153857056	1	1	0.941057000214282	0.941057000214282
