sample	chr	startpos	endpos	nMajor	nMinor
S9	1	1695590	115918168	2	1
S9	1	116100813	166200312	4	2
S9	1	166269388	195468947	3	3
S9	1	196510939	213297405	5	2
S9	1	213552176	228759775	3	2
S9	1	228971199	244820741	4	2
S9	2	385195	242780855	2	1
S9	3	454266	22670553	4	2
S9	3	23087748	62479116	2	2
S9	3	62547138	76603219	4	2
S9	3	77085647	90173040	2	1
S9	3	95530694	126539175	2	2
S9	3	127255259	139905364	2	0
S9	3	140414000	165601738	5	0
S9	3	166282110	199235521	2	2
S9	4	414252	191263213	2	2
S9	5	221026	30104822	1	1
S9	5	31144385	59150893	2	1
S9	5	60261641	83538212	1	1
S9	5	83620522	166604296	2	1
S9	5	166954452	180687718	1	1
S9	6	589264	170846968	2	2
S9	7	762569	158366850	2	2
S9	8	454511	30969387	1	0
S9	8	31109691	74177260	3	1
S9	8	74425273	146131735	3	2
S9	9	366796	138220001	2	2
S9	10	441623	135322142	2	2
S9	11	277365	66814733	2	2
S9	11	67057166	71414032	3	1
S9	11	71600716	134111350	2	0
S9	12	454504	132332384	2	2
S9	13	19081795	114104177	2	2
S9	14	19754864	41496970	4	2
S9	14	41987176	106411893	2	2
S9	15	20586064	100051875	2	1
S9	16	121689	35095133	3	2
S9	16	45432643	88687508	2	1
S9	17	460780	17227556	3	0
S9	17	17787258	78515017	3	2
S9	18	358577	76039506	2	2
S9	19	368413	14731256	2	0
S9	19	14837863	24282001	2	2
S9	19	33214296	63799279	3	0
S9	20	164735	62377237	2	2
S9	21	14520619	46901389	2	2
S9	22	15702881	49348881	2	0
S9	X	3012949	62171465	2	0
S9	X	63356856	153857056	2	2
