sample	chr	startpos	endpos	nMajor	nMinor
S91	1	1695590	34666533	2	0
S91	1	35024385	244820741	4	2
S91	2	385195	242780855	2	2
S91	3	454266	199235521	2	2
S91	4	414252	191263213	2	2
S91	5	221026	109820166	2	2
S91	5	110545676	112339978	1	1
S91	5	112463411	115353894	3	1
S91	5	115587575	154336592	2	0
S91	5	155254135	157546573	3	1
S91	5	157729317	160094974	1	1
S91	5	160424980	171327377	2	2
S91	5	171593091	178049889	2	1
S91	5	178236266	180687718	2	2
S91	6	589264	135305814	2	2
S91	6	135637033	138817472	1	1
S91	6	139309470	170846968	2	2
S91	7	762569	158366850	2	2
S91	8	454511	146131735	2	2
S91	9	366796	138220001	2	2
S91	10	441623	135322142	2	2
S91	11	277365	134111350	2	2
S91	12	454504	90081567	2	2
S91	12	90657943	95029083	1	1
S91	12	95280283	132332384	2	2
S91	13	19081795	114104177	2	2
S91	14	19754864	106411893	2	1
S91	15	20586064	100051875	2	2
S91	16	121689	35095133	4	2
S91	16	45432643	88687508	2	0
S91	17	460780	22452973	3	0
S91	17	22957664	78515017	3	2
S91	18	358577	17287785	2	0
S91	18	17752193	76039506	2	2
S91	19	368413	5786104	3	0
S91	19	5929955	7283447	4	2
S91	19	7522221	63799279	3	2
S91	20	164735	62377237	2	2
S91	21	14520619	24760868	2	0
S91	21	25300952	46901389	2	2
S91	22	15702881	49348881	3	2
S91	X	3012949	153857056	2	2
