sample	chr	startpos	endpos	nMajor	nMinor
S95	1	1695590	120138178	2	0
S95	1	143133910	244820741	3	2
S95	2	385195	242780855	2	0
S95	3	454266	199235521	2	1
S95	4	414252	191263213	2	1
S95	5	221026	46407460	3	0
S95	5	49634064	180687718	3	1
S95	6	589264	2418683	3	2
S95	6	2678029	6455501	2	0
S95	6	6646591	54077567	2	2
S95	6	54168363	66006250	3	1
S95	6	66338172	170846968	2	0
S95	7	762569	158366850	3	1
S95	8	454511	35547435	2	0
S95	8	35716089	41163459	13	3
S95	8	41593263	53624005	3	1
S95	8	54011318	79809500	2	2
S95	8	80434743	146131735	4	2
S95	9	366796	138220001	1	1
S95	10	441623	135322142	2	1
S95	11	277365	134111350	2	0
S95	12	454504	33879979	3	1
S95	12	37366340	79013455	4	1
S95	12	79489792	132332384	3	1
S95	13	19081795	114104177	4	0
S95	14	19754864	106411893	2	0
S95	15	20586064	74938794	2	1
S95	15	75186708	100051875	3	0
S95	16	121689	35095133	3	1
S95	16	45432643	88687508	3	0
S95	17	460780	21189340	2	1
S95	17	22452973	78515017	2	2
S95	18	358577	76039506	1	1
S95	19	368413	24282001	1	1
S95	19	33214296	63799279	3	1
S95	20	164735	62377237	3	2
S95	21	14520619	46901389	2	1
S95	22	15702881	49348881	1	1
S95	X	3012949	153857056	2	2
