sample	chr	startpos	endpos	nMajor	nMinor	nAraw	nBraw
S97	1	1695590	79157253	1	1	1.02615730200414	1.02615730200414
S97	1	79610917	95670319	2	1	1.98959036782388	0.887242709143924
S97	1	96625949	120138178	1	1	0.929635677916652	0.929635677916652
S97	1	143133910	244820741	1	1	1.0597158594311	1.0597158594311
S97	2	385195	89085270	1	0	1.12604326223503	0
S97	2	95309606	242780855	1	0	1.06902539817242	0
S97	3	454266	69250188	1	0	1.10803691124415	0.00923736668319074
S97	3	69273033	90173040	1	1	0.805949177188567	0.805949177188567
S97	3	95530694	163555142	1	1	1.11540844907944	1.11540844907944
S97	3	164271795	186099700	3	1	2.59527723820731	1.11597432463267
S97	3	186397001	192636886	2	1	1.60001513934138	1.05878734534422
S97	3	193086250	199235521	3	1	3.25007131068577	1.45979969614018
S97	4	414252	191263213	1	0	1.0351942624659	0
S97	5	221026	109187684	1	1	0.7547780653734	0.7547780653734
S97	5	109820166	148739650	2	1	1.50838344586639	0.690441849335086
S97	5	148883879	180687718	1	0	0.71128799948573	0.71128799948573
S97	6	589264	29570020	1	0	1.28419083819595	0.0592412918397349
S97	6	29659747	83300363	1	1	0.888013469564859	0.888013469564859
S97	6	83889650	142734374	1	0	1.07279644530328	0
S97	6	142812891	150030552	2	0	2.34476538321887	0.150586582470456
S97	6	150262452	170846968	1	0	1.07942008545826	0
S97	7	762569	89455472	1	1	1.08712389164993	1.08712389164993
S97	7	89631238	141114082	2	1	2.10024715630462	1.11625533627415
S97	7	141341118	158366850	1	1	1.01305365746204	1.01305365746204
S97	8	454511	37874187	1	0	1.02646526371139	0
S97	8	38220251	105229531	1	1	1.13800392839945	1.13800392839945
S97	8	105426789	138984343	2	1	1.72115497208377	1.72115497208377
S97	8	139286970	146131735	2	1	1.90323414621243	0.839264515419217
S97	9	366796	22405330	2	1	2.01478422132977	0.921833031767761
S97	9	22648561	38780565	1	1	1.02433793366024	1.02433793366024
S97	9	68635876	119525270	1	1	1.08251170640566	1.08251170640566
S97	9	120236606	127500978	1	0	0.996652402137995	0.109999246312241
S97	9	127634295	138220001	1	1	0.91010353390186	0.91010353390186
S97	10	441623	3218436	1	0	1.37590250093854	0
S97	10	3294729	31395196	2	0	2.3654023511189	0.00743536737926693
S97	10	31847893	135322142	1	0	1.09247460672692	0
S97	11	277365	66105758	1	1	0.820098985311086	0.820098985311086
S97	11	66370044	107061163	2	1	2.11186511779194	0.662384929732173
S97	11	107270229	129838959	1	1	0.804094376959695	0.804094376959695
S97	11	130197938	134111350	1	0	0.508183837665404	0
S97	12	454504	132332384	1	0	1.17434483643998	0.00644695667272078
S97	13	19081795	52507470	1	0	1.26956870719449	0.0143992539654399
S97	13	52885277	114104177	2	0	2.47440879073915	0
S97	14	19754864	61006922	1	1	1.1037539644414	1.1037539644414
S97	14	61131168	67486226	2	1	2.34632068656977	1.23660546955285
S97	14	67713473	106411893	1	0	1.22080580257983	0.0581187091187948
S97	15	20586064	100051875	1	0	1.17036336061798	0.0243177973729064
S97	16	121689	35095133	1	1	1.15059671261579	1.15059671261579
S97	16	45432643	82396901	1	1	1.04627061964641	1.04627061964641
S97	16	82589596	88687508	1	0	0.87754657532905	0.263978423197836
S97	17	460780	78515017	1	0	1.32636548616955	0.058305175832523
S97	18	358577	51888622	1	1	1.06342716172791	1.06342716172791
S97	18	52083172	76039506	1	0	0.854294731741354	0
S97	19	368413	4787214	1	0	1.27015911187057	0.116739108750661
S97	19	4858869	24282001	2	1	1.27706728779752	1.27706728779752
S97	19	33214296	52202657	1	1	1.22500370090707	1.22500370090707
S97	19	52392314	63799279	1	0	1.29194746101034	0.145079488289601
S97	20	164735	33700898	1	1	1.03896304291147	1.03896304291147
S97	20	33773597	62377237	2	1	1.89987919452849	1.10423636229448
S97	21	14520619	46901389	1	1	0.900708220224735	0.900708220224735
S97	22	15702881	49348881	1	1	0.877331128413206	0.877331128413206
S97	X	3012949	153857056	1	1	0.919502435968981	0.919502435968981
