sample	chr	startpos	endpos	nMajor	nMinor
S98	1	1695590	244820741	1	1
S98	2	385195	242780855	1	1
S98	3	454266	199235521	1	0
S98	4	414252	191263213	1	1
S98	5	221026	180687718	1	1
S98	6	589264	170846968	1	1
S98	7	762569	158366850	1	1
S98	8	454511	42141716	1	0
S98	8	42367676	146131735	1	1
S98	9	366796	138220001	1	1
S98	10	441623	135322142	1	1
S98	11	277365	134111350	1	1
S98	12	454504	132332384	1	1
S98	13	19081795	114104177	1	1
S98	14	19754864	106411893	1	1
S98	15	20586064	100051875	1	1
S98	16	121689	20443839	1	1
S98	16	20794438	88687508	1	0
S98	17	460780	78515017	1	0
S98	18	358577	76039506	1	1
S98	19	368413	63799279	1	1
S98	20	164735	62377237	1	1
S98	21	14520619	46901389	1	1
S98	22	15702881	49348881	1	1
S98	X	3012949	153857056	1	1
