sample	chr	startpos	endpos	nMajor	nMinor	nAraw	nBraw
S98	1	1695590	112951014	1	1	1.11803584111326	1.11803584111326
S98	1	113268781	120138178	1	1	1.40541594422789	0.803895725073514
S98	1	143133910	244820741	1	1	1.08470081944838	1.08470081944838
S98	2	385195	89085270	1	1	1.10917494972378	1.10917494972378
S98	2	95309606	242780855	1	1	0.99331009424528	0.99331009424528
S98	3	454266	90173040	1	0	1.15001691286263	0
S98	3	95530694	199235521	1	0	1.00450818827033	0
S98	4	414252	191263213	1	1	0.947501307118035	0.947501307118035
S98	5	221026	180687718	1	1	1.04570406615951	1.04570406615951
S98	6	589264	170846968	1	1	0.929782850173741	0.929782850173741
S98	7	762569	158366850	1	1	1.10667549093905	1.10667549093905
S98	8	454511	42141716	1	0	1.08884132635193	0.0298021755225946
S98	8	42367676	138078998	1	1	1.19224583391349	1.19224583391349
S98	8	138626085	146131735	1	1	1.33700019937507	0.739663466616526
S98	9	366796	38780565	1	1	0.873437804471462	0.873437804471462
S98	9	68635876	138220001	1	1	0.940600854198042	0.940600854198042
S98	10	441623	135322142	1	1	1.08908960014237	1.08908960014237
S98	11	277365	32756728	1	1	1.00857597625729	1.00857597625729
S98	11	33030640	55402636	1	1	1.27721393663502	0.788731233385501
S98	11	55652423	134111350	1	1	1.04590690158044	1.04590690158044
S98	12	454504	132332384	1	1	0.92373913085376	0.92373913085376
S98	13	19081795	114104177	1	1	1.00311672277335	1.00311672277335
S98	14	19754864	106411893	1	1	1.1218985197091	1.1218985197091
S98	15	20586064	100051875	1	1	0.938546621782187	0.938546621782187
S98	16	121689	20443839	1	1	1.16825022958858	1.16825022958858
S98	16	20794438	35095133	1	0	1.2002523244464	0.0421852378229734
S98	16	45432643	88687508	1	0	1.22622770603362	0.0359642256483016
S98	17	460780	78515017	1	0	1.122202354661	0.0540467247448295
S98	18	358577	76039506	1	1	0.918583498650318	0.918583498650318
S98	19	368413	24282001	1	1	1.01968618184268	1.01968618184268
S98	19	33214296	63799279	1	1	0.916881738996295	0.916881738996295
S98	20	164735	62377237	1	1	1.02715367191868	1.02715367191868
S98	21	14520619	46901389	1	1	1.22955252907565	1.01213004291627
S98	22	15702881	49348881	1	1	0.887709225404329	0.887709225404329
S98	X	3012949	153857056	1	1	1.08335645330498	1.08335645330498
